0.0011625128539 2.39897547203 1.56922350688 1.06622618632
0.0025179230839 2.23863664566 1.42517967335 0.988236965225
0.0038515980495 2.19085932071 1.37631687863 0.965882940309
0.0052042119369 2.16909569884 1.35047695947 0.954773139303
0.0065665288587 2.15907739465 1.33678045889 0.949372084315
0.0079394727763 2.15501005791 1.3297602053 0.947076823811
0.0093322986071 2.15498824218 1.32615232343 0.946185444245
0.010746055818 2.15752251222 1.32412354648 0.946019717874
0.012182792207 2.16208432649 1.32236943383 0.946170220411
0.013643766384 2.16850602087 1.32070888417 0.946779539266
0.015124999639 2.17644246956 1.31936464471 0.947926621617
0.016623906844 2.18575291517 1.31865810909 0.949771009965
0.018138485909 2.19588457082 1.31840445337 0.952021446187
0.019666982782 2.20678740874 1.31900463825 0.954828928305
0.021207943323 2.21798254731 1.32012014116 0.957895261764
0.022760168945 2.22933037532 1.32168335798 0.961099982656
0.024322728664 2.24042468159 1.32347763692 0.964237539045
0.025894923882 2.25132071716 1.32553727745 0.967310158949
0.027476259011 2.26164864987 1.32758924949 0.970110509479
0.029066372221 2.27107586572 1.32930541195 0.972393628588
0.030665009803 2.27963220098 1.33073746519 0.974225768446
0.032271972235 2.28690176887 1.33123959569 0.975132046856
0.033887165479 2.29261032887 1.33037224855 0.974821773629
0.035510607379 2.29659503952 1.32786094165 0.973125603314
0.037142386858 2.29870216966 1.32351649492 0.969936636812
0.038782612671 2.29923446536 1.31761333356 0.965494402833
0.040431340576 2.2986248969 1.31066720898 0.960201640845
0.042085020274 2.29731157369 1.30323698954 0.954497785645
0.043739371022 2.29560590569 1.29564234256 0.948648083723
0.045394519803 2.29374528672 1.28808508888 0.942818786801
0.047050593473 2.29177023959 1.2805499665 0.93702405041
0.048707684072 2.2898121377 1.27309117041 0.931321301787
0.050365864484 2.28789737665 1.26573055978 0.925724726262
0.052025182963 2.28614010665 1.25854358436 0.920305185526
0.053685661416 2.28454600663 1.25153195742 0.915066815295
0.055347297449 2.28317783603 1.24474382744 0.910044955513
0.057010076398 2.2819945363 1.23813231186 0.905205950708
0.058673962008 2.28099007831 1.23169709079 0.900548717432
0.060338902414 2.28003945095 1.22537778155 0.89601128878
0.062004856994 2.27916913441 1.21916098352 0.891581603242
0.063671768638 2.27837522617 1.21306008185 0.887265582549
0.065339589986 2.27768867106 1.20709732481 0.883077158104
0.067008267191 2.27707921558 1.2012515413 0.878996645525
0.068677749222 2.27655677795 1.19552322891 0.875020035271
0.070347982444 2.27609407503 1.18989011967 0.871128862486
0.072018909039 2.27573352268 1.18436034695 0.86732857262
0.073690477174 2.27541530251 1.17891169806 0.863596286327
0.075362631635 2.27516328936 1.17355233727 0.859937620027
0.077035324815 2.27495689326 1.16827915357 0.856346334372
0.078708511267 2.27480199415 1.16308483881 0.852815374853
0.080382150868 2.27470649664 1.15797551368 0.849350337153
0.082056206496 2.27469637185 1.15296336057 0.845959801628
0.083730639303 2.27473293549 1.14802641975 0.842626494897
0.08540541584 2.27482743366 1.14318215046 0.839362044983
0.08708050492 2.2750069286 1.13844735225 0.836181272176
0.088755872861 2.27525796108 1.13381319763 0.833076898113
0.090431494622 2.27557355261 1.12927194337 0.830043152041
0.092107345078 2.2759487246 1.12483202357 0.827084847803
0.093783402215 2.2764236288 1.12050639053 0.824215827537
0.095459642356 2.27694669232 1.11628114278 0.821422159717
0.097136049751 2.27755896079 1.11216245293 0.818712285103
0.098812608606 2.27821261907 1.10814042116 0.816074218238
0.10048930227 2.27893358361 1.10421571486 0.813515017994
0.10216611969 2.2796990049 1.10038707453 0.811026286446
0.10384304573 2.28050358248 1.09664115601 0.808601621513
0.10552006926 2.28138335066 1.09299542996 0.806256468693
0.10719717831 2.28228068654 1.08943179913 0.803972234405
0.10887436167 2.28323260113 1.08594287835 0.801747169199
0.11055160974 2.28422519483 1.08254421341 0.799592103093
0.11222890882 2.28532627991 1.07923652547 0.79751330684
0.11390623305 2.28641158037 1.07599698461 0.795484814768
0.11558358162 2.2875325995 1.07283147773 0.793509792833
0.11726092532 2.28869569643 1.06973722078 0.79159165823
0.1189382332 2.28988785491 1.0667167752 0.789728452283
0.1206155313 2.29110530253 1.06374683471 0.787906609767
0.12229279269 2.29237965592 1.06086437528 0.786152511825
0.12397000916 2.29366914284 1.05803796187 0.784438794939
0.12564717492 2.29500804151 1.05527132661 0.782775525517
0.12732427601 2.29636964952 1.05256778622 0.781156451554
0.12900130661 2.29775618931 1.04992537926 0.779585546787
0.13067825927 2.29917004967 1.04733575548 0.778053856458
0.13235512321 2.30061391253 1.04480444296 0.776567299432
0.13403189422 2.30207157853 1.04232879972 0.775121033185
0.13570856067 2.30356874373 1.03990283093 0.773714458602
0.13738511751 2.30506256312 1.03751909473 0.772337940951
0.13906155388 2.30657941625 1.03518817211 0.770997970937
0.14073786388 2.30811997291 1.0328850465 0.769689585962
0.14241404076 2.30969019828 1.03063777566 0.768418085775
0.14409007526 2.31123774801 1.02842254785 0.767167944123
0.14576596144 2.31280774832 1.02624948257 0.765950277975
0.14744168835 2.31438552903 1.02411504978 0.764760617787
0.14911725417 2.3159631871 1.02201434021 0.763594789981
0.15079265042 2.31754860755 1.01994717024 0.762453605485
0.15246786944 2.31913037491 1.01791270901 0.761334619606
0.15414290687 2.32072516414 1.01591316416 0.760243505898
0.15581775836 2.3223034921 1.01393368644 0.759165103079
0.15749241537 2.32389726977 1.0119884346 0.758113008283
0.15916687271 2.3254809332 1.0100659042 0.757077123817
0.16084112597 2.32707803832 1.00817354448 0.756064515041
0.16251516911 2.32865738326 1.00629833641 0.755063281653
0.16418899771 2.33023050541 1.00444651415 0.754078820584
0.16586260486 2.33182055604 1.00262197081 0.753115752503
0.16753598781 2.33339052702 1.00081728549 0.752165349187
0.16920914131 2.33497610644 0.999041317198 0.751236854487
0.1708820584 2.33654769482 0.997281060609 0.750318679942
0.17255473295 2.33813128709 0.995543921392 0.749418373427
0.17422716389 2.33970736747 0.993826292691 0.748531809631
0.17589934844 2.341281273 0.992126491824 0.74765853023
0.17757128469 2.34285133683 0.990444761322 0.746798606883
0.17924296986 2.3444153115 0.988780241662 0.745951276961
0.18091440285 2.3459753232 0.987132758822 0.745116321443
0.18258558258 2.34752523374 0.985499073686 0.744291038091
0.1842565071 2.34907661596 0.983884558753 0.74348049764
0.18592717364 2.35061432187 0.982281169286 0.742678306217
0.18759758108 2.35215448227 0.980696685531 0.741890522403
0.18926772748 2.35367122185 0.979117112213 0.74110561114
0.19093761004 2.35519587411 0.977560129642 0.740338347132
0.1926072302 2.35670489585 0.976011743925 0.739577398433
0.19427658089 2.35821184146 0.974479291385 0.738828910198
0.19594566357 2.35970273317 0.972953929876 0.738085624091
0.19761447797 2.36118684252 0.971440360452 0.737351338679
0.19928301785 2.36266467788 0.969940132091 0.73662730084
0.2009512821 2.36413086419 0.968449613735 0.735911001582
0.2026192653 2.3655891402 0.966970436224 0.735203234437
0.20428696807 2.36701810804 0.965492485114 0.734495296566
0.20595438668 2.36847969634 0.964045471118 0.733813032016
0.20762152174 2.36989242921 0.962587325436 0.733120536455
0.20928837039 2.3713115051 0.961149178253 0.732443724902
0.21095492892 2.37271578021 0.95971682952 0.731770907614
0.2126211962 2.3741134875 0.95829360412 0.731105236598
0.21428717108 2.37550051156 0.956877874149 0.730445727702
0.2159528507 2.37687852301 0.955472142953 0.72979382924
0.21761823133 2.37824389197 0.95407202069 0.729145701299
0.21928331269 2.37960618032 0.952685041149 0.728507551057
0.22094809189 2.3809458757 0.951296180474 0.727867521813
0.22261256693 2.3822788092 0.949917508708 0.727235133935
0.22427673838 2.38360721255 0.948549511753 0.726610764731
0.22594059989 2.38492486657 0.94718825211 0.725990563497
0.22760415116 2.38623151459 0.94583337669 0.725375026222
0.2292673919 2.3875272151 0.944484694087 0.724763778327
0.23093032183 2.38881831985 0.943144063836 0.724158846233
0.23259293542 2.39010232626 0.941810686086 0.72355923392
0.23425522889 2.39137225934 0.940480089462 0.722961292086
0.2359172037 2.39263436471 0.93915777705 0.722369083605
0.23757885867 2.39388693182 0.937839555092 0.721779632638
0.23924018912 2.39513221836 0.936528737871 0.721195251219
0.24090119915 2.39636667101 0.935221102364 0.720612620959
0.24256188494 2.39759370989 0.933921718929 0.720035908018
0.24422224531 2.39881184573 0.93262892368 0.719463547966
0.24588228172 2.40002318817 0.931342465513 0.718895552989
0.24754198772 2.40122278193 0.930059565313 0.718329723748
0.24920136563 2.40241356588 0.928782098061 0.717767387896
0.25086041076 2.40359894426 0.927509937362 0.717208897124
0.25251912455 2.40477237191 0.926242568147 0.716653909644
0.25417750317 2.40593213836 0.924975953133 0.716099260841
0.2558355419 2.40709161176 0.923719430351 0.715551306579
0.25749324042 2.40823905222 0.922464152315 0.715003841683
0.25915059665 2.40937976692 0.921215365543 0.714460647138
0.26080761205 2.41051185369 0.919969936562 0.713919470734
0.26246429161 2.41162420902 0.918723482927 0.713376249761
0.26412063325 2.41274704712 0.917490296657 0.71284342653
0.26577663488 2.41385681776 0.916257582735 0.71231006306
0.26743229529 2.41495540746 0.915027124006 0.711777517891
0.26908761328 2.41604783839 0.91380330737 0.711249201005
0.27074259209 2.41713266169 0.912582007992 0.710722152117
0.27239722872 2.41821819035 0.911367964694 0.710200406618
0.27405152198 2.41928203127 0.91014992187 0.709674254901
0.27570547153 2.42035021596 0.908940620319 0.709154648615
0.27735907527 2.42141016018 0.907733008581 0.708635909485
0.27901233466 2.4224663873 0.906530475068 0.708120640131
0.28066524581 2.42351306153 0.905329253122 0.707605560185
0.28231781197 2.424553707 0.904132086432 0.707092968981
0.28397003371 2.42558886167 0.902937982229 0.706582224872
0.28562190981 2.42661727005 0.901746978734 0.706073101879
0.28727343994 2.42764037274 0.900559199498 0.705565784518
0.28892462469 2.42866052465 0.899376425843 0.705061556745
0.29057546642 2.42967567492 0.898196935763 0.704559027925
0.2922259612 2.43068128594 0.897019160759 0.704056854357
0.29387611322 2.43168137111 0.895843710177 0.703555791323
0.29552592035 2.43267782652 0.894672617532 0.703057495021
0.29717538225 2.43366887346 0.893504519845 0.702560697247
0.29882450221 2.43464991964 0.892339337093 0.702065112097
0.3004732772 2.4356258526 0.891177479249 0.701571254025
0.30212170959 2.43660399369 0.890022004468 0.701082112226
0.30376979635 2.43756364868 0.888862499625 0.70058872314
0.30541753986 2.43852445343 0.88770890048 0.700099490267
0.30706490068 2.43947857921 0.886558808677 0.699612015755
0.30871142561 2.44042607962 0.885411206661 0.699125748862
0.31035698529 2.44136995744 0.88426766605 0.698641723246
0.31200158315 2.44230554934 0.883125107755 0.698157823936
0.31364522354 2.44323826341 0.881989354422 0.697678013073
0.3152879108 2.4441639841 0.880852636681 0.697197204501
0.31692964653 2.44508419142 0.879720749636 0.696719164068
0.31857043324 2.44600404646 0.878591736785 0.696242518174
0.3202102771 2.44691635714 0.877465731932 0.695767495817
0.32184917878 2.44782324182 0.876343296136 0.695294242384
0.32348713989 2.44872698585 0.875223109209 0.694822343333
0.32512416474 2.44961723613 0.874099720568 0.694347232555
0.32676025584 2.45051551966 0.872986407099 0.693879484619
0.32839541569 2.4514037701 0.871875510429 0.693412422936
0.33002964679 2.45229164616 0.870767779738 0.692947455678
0.33166295072 2.45317663137 0.869663366625 0.692484564454
0.33329533271 2.45405639466 0.868563228037 0.692023896661
0.33492679525 2.45492917912 0.867463825275 0.691563079337
0.33655734449 2.45579914448 0.866367598668 0.691104221813
0.33818698016 2.45666299647 0.865274420275 0.690646507398
0.33981570201 2.45752175487 0.86418389852 0.690190153441
0.34144351435 2.45837572247 0.863096645175 0.689735347679
0.3430704224 2.45923325664 0.862012928229 0.689283417674
0.34469642955 2.46007632314 0.86092981016 0.688830636427
0.34632153646 2.46092106291 0.859850464897 0.688380414106
0.34794574833 2.4617637676 0.858773692824 0.687931939769
0.34956906673 2.46260071941 0.857700195013 0.687485157649
0.35119149595 2.46343473197 0.856629262944 0.687039884248
0.35281303755 2.46426373146 0.855560901237 0.686595920901
0.35443369398 2.46509075438 0.854495736278 0.686153740812
0.35605347139 2.46592302243 0.853438695579 0.685716677396
0.35767237222 2.46675817882 0.852388954982 0.685283837284
0.35929040169 2.46760075703 0.851348453173 0.68485670799
0.36090756317 2.46844183839 0.850312353593 0.684431891139
0.36252386461 2.46928234952 0.849280262386 0.684008905726
0.36413930846 2.47012062443 0.848253373416 0.683588518078
0.36575390269 2.47095516023 0.847231240525 0.683169778677
0.36736765339 2.47179608184 0.846217522087 0.682756253819
0.3689805676 2.4726137903 0.845198873341 0.682336849163
0.37059265144 2.47343655489 0.844186398397 0.681922658719
0.37220391009 2.47425337694 0.843178011358 0.681509656804
0.37381435149 2.47507100543 0.842174041329 0.681099575948
0.37542398175 2.4758822634 0.841171674202 0.680689863371
0.37703280605 2.47668407682 0.840169760529 0.68027984755
0.37864082865 2.47748685656 0.839173503871 0.679873208708
0.3802480538 2.47828570062 0.838179712544 0.679467601046
0.38185448854 2.4790758138 0.837187333682 0.679062447602
0.38346013434 2.47986148596 0.836198157691 0.678658720084
0.38506499638 2.48064323559 0.835212992792 0.678257178968
0.38666907893 2.48141950953 0.834229405321 0.677856189724
0.3882723853 2.48219019755 0.833248640256 0.677456569026
0.3898749216 2.48295633902 0.832271016841 0.677058633566
0.39147669301 2.48371832554 0.831296166691 0.676662213484
0.39307770284 2.48447324053 0.830322916604 0.676266140575
0.39467795536 2.48522458616 0.82935274602 0.675871885016
0.39627745296 2.48597153429 0.828385093221 0.675478891423
0.39787619896 2.48671395371 0.827419710719 0.67508723722
0.39947419299 2.48745224765 0.826456226821 0.674696629651
0.40107144115 2.48818427976 0.825494615876 0.67430666091
0.4026679449 2.48891516722 0.824537635699 0.673919750906
0.40426370758 2.48963819987 0.823580042857 0.673531894573
0.40585873251 2.49035775941 0.822625912964 0.67314615365
0.40745302116 2.49107497171 0.82167484349 0.672762257424
0.40904657684 2.49178608682 0.820724959027 0.672378702818
0.41063940289 2.49249313315 0.81977772486 0.671996679749
0.41223150077 2.49319555362 0.818832937302 0.671616048081
0.4138228738 2.49389302373 0.817890207319 0.671236541707
0.41541352252 2.49458689251 0.81694984893 0.670858268001
0.41700345026 2.49527790879 0.816011540595 0.670481540879
0.41859265847 2.49596024273 0.815074939675 0.67010514921
0.42018115142 2.49664004094 0.814141346101 0.669730535009
0.4217689287 2.49731449587 0.813208887632 0.669356414376
0.42335599457 2.49798622588 0.812279818592 0.668984315519
0.42494234863 2.49865183318 0.811352128006 0.668612629109
0.42652799421 2.49931406126 0.810426411782 0.668242150117
0.42811293182 2.49997247456 0.809502530755 0.667872777556
0.42969716668 2.50062839289 0.808581229221 0.667505037334
0.43128069837 2.50127666656 0.807659826836 0.667136692972
0.4328635274 2.50192849897 0.806743503097 0.666772302987
0.43444565713 2.50257252896 0.805828370615 0.666408093779
0.436027089 2.50321253695 0.804914923683 0.666044779715
0.43760782541 2.50385047841 0.804003271117 0.665682583491
0.43918786782 2.50448586673 0.80309413281 0.665321852981
0.44076721581 2.50511261846 0.802187969405 0.664962730808
0.44234587365 2.50574475269 0.801285700646 0.664606313855
0.44392384187 2.50635940005 0.800379419011 0.66424596536
0.44550112192 2.50697607346 0.799478418661 0.663889390864
0.44707771621 2.50759305784 0.798580676434 0.66353515711
0.44865362524 2.50820324239 0.797684511834 0.663181357897
0.45022885236 2.50881043684 0.796790641054 0.662828940479
0.4518033962 2.50941581328 0.79589990276 0.662478408736
0.45337725916 2.51001302547 0.795009033472 0.662127215163
0.45495044553 2.51060890735 0.794121284188 0.661778012468
0.45652295488 2.51119777501 0.793234505748 0.661428981305
0.45809478772 2.51179037409 0.792352819522 0.661083668382
0.45966594361 2.51237403939 0.791470089646 0.660736803481
0.46123642686 2.51295597477 0.79059076448 0.66039236454
0.46280623607 2.51353509589 0.789713795371 0.660049367131
0.46437537461 2.51411000229 0.788837995613 0.659706880523
0.46594384298 2.5146818188 0.787964793729 0.65936597284
0.46751164263 2.51525094951 0.787093641439 0.659026180659
0.46907877409 2.51581648364 0.786224570964 0.658687438946
0.4706452388 2.51637947492 0.785357380102 0.658349708146
0.47221103918 2.51693733969 0.784491311981 0.658012430853
0.47377617479 2.5174961188 0.783628925466 0.657677379427
0.47534064612 2.51804937097 0.782767464784 0.657342652505
0.4769044575 2.51860082551 0.781908369782 0.657009381661
0.47846760657 2.5191481848 0.781051360086 0.656677114494
0.4800300967 2.51969296029 0.78019649239 0.65634611237
0.4815919284 2.52023629866 0.779343843768 0.656016679615
0.48315310312 2.52077326383 0.778492343896 0.655687057244
0.48471362138 2.52130948176 0.777643397194 0.655359336188
0.48627348654 2.52184304099 0.776796718418 0.655032951171
0.48783269719 2.52237419219 0.775951683307 0.65470739328
0.48939125576 2.52290191412 0.77510929871 0.654383455015
0.49094916467 2.52342608896 0.774268452804 0.65406010312
0.49250642344 2.52394852566 0.773430029922 0.653738168052
0.49406303452 2.52446705302 0.772593216377 0.653416977676
0.49561899937 2.52498300966 0.771758688876 0.653097082564
0.49717431847 2.52549816571 0.770926863562 0.65277879834
0.49872899427 2.52600822557 0.770096016037 0.65246067593
0.50028302629 2.52651651196 0.769268002932 0.652144262039
0.50183641794 2.52702155235 0.768441860071 0.651828733933
0.5033891697 2.52752258536 0.767617243188 0.651513874588
0.50494128208 2.52802336037 0.766796000343 0.651201134696
0.50649275751 2.52851901036 0.765976063461 0.650888645645
0.50804359649 2.52901272167 0.765158617782 0.650577588311
0.50959380048 2.52950133037 0.764342435707 0.650266749179
0.51114337095 2.52998855991 0.763529117103 0.649957610689
0.51269230937 2.53047300903 0.762717722838 0.649649464877
0.51424061623 2.53095562153 0.761908275026 0.649342365776
0.51578829398 2.53143399239 0.761100574682 0.649035959295
0.51733534214 2.53191137966 0.760295646236 0.648731154929
0.51888176411 2.53238582679 0.759492675803 0.648427287459
0.52042755846 2.53285852727 0.75869089035 0.648124492213
0.52197272762 2.53332831313 0.757891298063 0.647822634083
0.52351727307 2.53379561092 0.757093463047 0.647521687063
0.52506119627 2.53426047172 0.756297698722 0.647222166745
0.52660449771 2.53472930634 0.755507148769 0.646926116157
0.52814717889 2.53518331174 0.754711879432 0.646625654287
0.5296892393 2.53564148016 0.753921595564 0.646328839362
0.53123068531 2.53609874145 0.75313395677 0.646033386044
0.53277150762 2.53655313984 0.752348049714 0.645738846502
0.53431171752 2.53700503439 0.751564266683 0.645445265117
0.53585131254 2.53745451274 0.750782679233 0.645152734693
0.53739029417 2.53790263126 0.750003063279 0.644861495012
0.53892865995 2.53834852512 0.749225234718 0.644571177784
0.54046642021 2.53879163451 0.748449884166 0.644281934055
0.54200356756 2.53923061343 0.747675899104 0.643992957867
0.54354010644 2.53966716887 0.746904412349 0.643705199185
0.54507603635 2.5401033741 0.746135643857 0.643419306607
0.54661135976 2.54053594434 0.745368300996 0.643133964081
0.54814607618 2.54096648711 0.744603436859 0.642849960787
0.54968018807 2.54139614245 0.743840725606 0.642567017197
0.55121369493 2.54182258698 0.743079906471 0.642285111162
0.55274659726 2.54224693411 0.742320841136 0.642004095587
0.55427889356 2.54266920423 0.741563504106 0.641723867222
0.55581059028 2.54308880523 0.740808425554 0.641444890193
0.55734168393 2.54350633232 0.740054826129 0.641166410225
0.55887217799 2.54392264796 0.73930393473 0.640889328075
0.56040207493 2.5443379543 0.738555417621 0.640613740686
0.56193137725 2.54474969153 0.737808175038 0.640338517185
0.56346008343 2.54516024887 0.737063383487 0.640064726415
0.56498819697 2.54556735591 0.736319284521 0.639790948653
0.56651571834 2.54597274385 0.735577318418 0.639518268808
0.56804264803 2.54637870799 0.734838357383 0.639247542239
0.56956898955 2.5467817017 0.734100842383 0.638977419259
0.57109474337 2.54718318137 0.733364868033 0.638708086332
0.572619911 2.54758269967 0.73263107049 0.638439809071
0.57414449291 2.54797967167 0.731898543607 0.638171876625
0.5756684906 2.54837363354 0.731167851498 0.637904754525
0.57719190457 2.54876790219 0.730440051442 0.637639495038
0.57871473429 2.54916019239 0.72971400798 0.637375095181
0.58023698428 2.54955246004 0.728990198154 0.637112039905
0.58175865201 2.54994093172 0.728267287815 0.636849071048
0.58327974301 2.55032858218 0.727546935553 0.63658751801
0.58480025272 2.55071422475 0.726828513591 0.636326819363
0.58632018669 2.55109796784 0.726111939071 0.636067030921
0.58783954236 2.55147984403 0.725397269017 0.635808234639
0.58935832327 2.55186021237 0.724684691374 0.635550480958
0.59087652889 2.55223948384 0.723973994436 0.635293793031
0.5923941587 2.55261711211 0.72326489612 0.635037914774
0.5939112152 2.55299366828 0.722558017383 0.634783202447
0.59542769891 2.55336870744 0.721852991854 0.634529535936
0.59694361029 2.55374175938 0.721149060823 0.634276402812
0.59845894883 2.55411535944 0.720447424905 0.634024767955
0.59997371807 2.55448709719 0.719747551508 0.633773946446
0.60148791646 2.55485776214 0.719050024268 0.633524412709
0.60300154857 2.55522680751 0.718354188034 0.633275722232
0.60451460774 2.55559415875 0.717659915617 0.633027836942
0.60602709855 2.55596001016 0.716967333364 0.632780770552
0.60753902558 2.55632415526 0.716276971103 0.632534758303
0.6090503842 2.55668657853 0.715588590242 0.632289704852
0.61056117899 2.55704929836 0.71490209214 0.632045773918
0.6120714084 2.55741000676 0.714217120502 0.631802529752
0.613581076 2.5577693994 0.713535027541 0.631561052462
0.61509018021 2.55812582316 0.712854068846 0.631319797284
0.61659872359 2.55848218185 0.712174548034 0.631079178805
0.61810670766 2.55883748444 0.711497047172 0.630839695015
0.61961413084 2.55919110866 0.710821296951 0.630601004424
0.62112099465 2.55954343657 0.710147385639 0.630363276234
0.62262730165 2.55989461165 0.709475288831 0.630126519692
0.62413305234 2.56024461124 0.708805355911 0.629890816822
0.62563824616 2.56059355497 0.708137336168 0.629656160598
0.62714288257 2.56094121704 0.707470420608 0.629422077576
0.62864696517 2.56128754217 0.706805392335 0.629188955558
0.63015049341 2.56163387809 0.70614224706 0.628956952267
0.63165346778 2.56197950753 0.705480701176 0.628725887786
0.6331558919 2.5623235776 0.704821294945 0.628495716576
0.63465776208 2.56266538974 0.704163698053 0.628266416048
0.63615908299 2.56300404961 0.703506602584 0.628036854165
0.63765985408 2.56334420439 0.702852710099 0.627809469959
0.63916007583 2.56368352662 0.702199811967 0.62758250132
0.64065974873 2.56402272878 0.701549178837 0.627356798181
0.64215887538 2.56436008322 0.700900495409 0.627132108019
0.64365745521 2.56469623253 0.700253119323 0.626907945247
0.64515548976 2.56503169723 0.699607501162 0.626684727411
0.64665297743 2.56536591307 0.698963464186 0.626462245142
0.64814991976 2.56569970758 0.698321178517 0.626240725384
0.64964631828 2.56603239174 0.697680553823 0.626020018052
0.65114217455 2.56636444802 0.697042118169 0.625800554114
0.65263748694 2.56669553651 0.696405053874 0.625581680394
0.65413225807 2.56702401407 0.695769244638 0.625363210878
0.65562648947 2.56735193033 0.695134924697 0.625145531577
0.65712017953 2.56768275381 0.694503934388 0.624930150836
0.65861332979 2.56800949948 0.693873308344 0.624714483129
0.66010594181 2.56833650061 0.693244426123 0.62449981864
0.6615980182 2.56866204385 0.692617312438 0.624285915311
0.66308955521 2.56898679852 0.691991941884 0.624072956319
0.66458056077 2.56931296371 0.69136918903 0.623860961326
0.66607102473 2.56963491945 0.690746491042 0.623648950541
0.66756095504 2.56995635685 0.690125553445 0.623438910628
0.6690503522 2.57027847692 0.689507040094 0.623229966523
0.6705392199 2.57059942134 0.688889708345 0.623021150645
0.6720275597 2.57091970609 0.688274191473 0.62281327935
0.67351536461 2.57123858973 0.687660307214 0.622606099397
0.67500264369 2.57155673694 0.687048159354 0.622399901722
0.67648939316 2.57187412619 0.686437529594 0.622194410198
0.67797561564 2.57219056617 0.685828259467 0.62198963256
0.67946131164 2.57250830607 0.685220900854 0.621785974972
0.68094648166 2.57282279367 0.684615077353 0.621582834036
0.68243112618 2.57313752065 0.684010833897 0.621380684112
0.68391524893 2.57345051438 0.68340781461 0.62117899026
0.68539884611 2.57376404177 0.682806765934 0.620978400782
0.68688192036 2.57407680493 0.682207568519 0.620778772575
0.68836447327 2.57438819195 0.681609404507 0.620579557046
0.68984650424 2.57469972411 0.681013482726 0.620381519561
0.69132801486 2.57500935382 0.680418543748 0.620183740728
0.69280900672 2.57531914214 0.679825409513 0.619987016743
0.69428947814 2.57562629148 0.67923367699 0.619790823252
0.69576943287 2.57593581047 0.678643519832 0.619595780898
0.69724886924 2.57624344977 0.678055299252 0.619401537618
0.69872778994 2.57655045721 0.677468218665 0.61920784618
0.70020619436 2.5768572921 0.676882675928 0.619015007592
0.70168408409 2.5771631335 0.676298448859 0.618822817569
0.70316145856 2.57746818233 0.675715779401 0.61863150034
0.70463831934 2.57777264812 0.675134594546 0.618440852686
0.70611466695 2.57807774643 0.674555163022 0.618251263605
0.70759050187 2.57838084215 0.673977189278 0.618062161811
0.70906582572 2.57868352054 0.673400780564 0.617873931462
0.71054063899 2.57898514051 0.67282589472 0.617686392698
0.71201494218 2.57928612875 0.672252265194 0.617499532717
0.7134887347 2.57958779611 0.671680761795 0.61731381526
0.71496202035 2.57988819081 0.67111062004 0.617128627371
0.71643479853 2.58018768632 0.670541710846 0.616944069652
0.71790707197 2.58048630807 0.669973988468 0.616759959656
0.71937883674 2.58078661118 0.669408630094 0.616577505724
0.72085009666 2.58108480714 0.668843907878 0.616395018578
0.72232085112 2.58138212448 0.668280728043 0.616213281777
0.72379110398 2.58167959665 0.667719140911 0.616032337737
0.7252608535 2.58198134338 0.667160781688 0.615853727849
0.72673010131 2.5822729246 0.666600524066 0.615672715691
0.72819884791 2.58256875263 0.666043433021 0.615493974148
0.72966709492 2.58286422752 0.665487883076 0.615316101334
0.73113484175 2.58315930439 0.664933725831 0.615138915335
0.73260208888 2.58345424702 0.66438074782 0.614962335369
0.73406883908 2.58374826121 0.663829053394 0.614786353158
0.7355350906 2.58404227787 0.663278832858 0.614611170433
0.7370008462 2.58433571 0.662729902636 0.614436616761
0.73846610752 2.58462814297 0.662182266168 0.614262729362
0.73993087507 2.58492226634 0.661636906077 0.614090188618
0.74139514709 2.58521394106 0.661092326182 0.613917746261
0.74285892749 2.58550572555 0.660549111282 0.613745991997
0.74432221678 2.58579815334 0.660007823718 0.613575331534
0.74578501207 2.58608933111 0.659467588534 0.613404998147
0.74724731728 2.58637947494 0.658928724895 0.613235238353
0.74870913292 2.58667002243 0.65839144438 0.613066344776
0.75017045837 2.58696001412 0.657855681449 0.612898252384
0.75163129527 2.58724815875 0.657320952919 0.612730533164
0.75309164414 2.58753951595 0.656788218735 0.612564125017
0.75455150664 2.58782810022 0.656255963547 0.612397695632
0.75601088328 2.58811814296 0.655725601418 0.612232447569
0.75746977457 2.58840684921 0.655196312963 0.612067706371
0.75892818218 2.58869641171 0.654668243176 0.611903574709
0.76038610549 2.58898450086 0.654141374546 0.611739901737
0.76184354614 2.58927317105 0.653616139452 0.61157716587
0.76330050121 2.58956101563 0.653092297033 0.61141496546
0.76475697583 2.58984832432 0.652569431275 0.611253363866
0.76621296935 2.59013626869 0.652048256327 0.611092681524
0.7676684823 2.59042365311 0.651528204057 0.61093249544
0.76912351867 2.5907097104 0.651009739268 0.610773040955
0.77057807551 2.59099600083 0.650492377617 0.610614143842
0.77203215217 2.59128186025 0.649976581893 0.610456072102
0.77348575265 2.59156844381 0.649461623947 0.610298426397
0.77493887749 2.59185477505 0.648948076101 0.610141554812
0.77639152371 2.59213920741 0.648435083084 0.609984642768
0.77784369416 2.59242630231 0.647924475903 0.609829394143
0.77929539053 2.59271242286 0.647414825143 0.609674509907
0.78074661335 2.59299852496 0.646906556414 0.609520307973
0.78219736081 2.59328450423 0.646399456548 0.609366631031
0.78364763693 2.5935693432 0.645893458591 0.609213441202
0.78509743991 2.59385415385 0.645388685207 0.609060794706
0.78654677144 2.59413883767 0.644885254109 0.608908849031
0.78799563205 2.59442367256 0.644382916185 0.608757463156
0.78944402226 2.59470825984 0.6438820298 0.608606779748
0.79089194261 2.59499272043 0.643382261856 0.608456587216
0.7923393948 2.59527695689 0.642883822785 0.608307118124
0.79378637699 2.59556095077 0.642386871598 0.608158365727
0.79523289209 2.5958442489 0.641890983134 0.608010128232
0.79667894181 2.59612765775 0.641395900863 0.607862264544
0.79812452312 2.59641087245 0.640902760175 0.607715344714
0.79956963773 2.59669555645 0.640411400161 0.607569671095
0.80101428738 2.59697900765 0.639920333193 0.607423795457
0.8024584702 2.59726197254 0.639430174547 0.607278378274
0.80390219031 2.59754447142 0.638940965763 0.607133336384
0.80534544586 2.59782797074 0.638453424277 0.606989244497
0.80678823618 2.59811116004 0.637967263168 0.606845873451
0.8082305642 2.59839432399 0.637482114995 0.606703085299
0.80967243046 2.59867716224 0.636997956778 0.606560751663
0.81111383669 2.59896120071 0.636515504196 0.606419461883
0.81255478103 2.59924402967 0.636033869108 0.606278480012
0.81399526642 2.59952700101 0.635553439045 0.606138141062
0.81543529099 2.59981045569 0.63507429164 0.605998551978
0.81687485769 2.60009307023 0.634596037316 0.605859279522
0.81831396464 2.60037606753 0.634119003658 0.605720689189
0.81975261602 2.60065795722 0.633642963849 0.605582483051
0.82119080993 2.60094125049 0.633168524456 0.605445268534
0.82262854815 2.60122355882 0.632694651914 0.605308343477
0.82406582998 2.60150721018 0.632222492572 0.605172417473
0.82550265842 2.60179011282 0.631750822235 0.605036708581
0.82693903034 2.60207265011 0.631280591178 0.604901655821
0.82837495118 2.60235556308 0.630811466495 0.604767235737
0.82981041904 2.60263796668 0.630343156466 0.604633214916
0.83124543446 2.60292120716 0.629876294441 0.60449998899
0.83268000045 2.6032035765 0.629410345344 0.60436719289
0.83411411509 2.60348532903 0.628945298789 0.604234745359
0.83554777893 2.60376822056 0.62848199831 0.604103330406
0.83698099252 2.6040505678 0.628019532068 0.603972265586
0.83841376012 2.60433284334 0.627558023656 0.603841669792
0.83984607981 2.60461520662 0.627097633507 0.603711736921
0.84127794964 2.60489684694 0.626638321563 0.603582135751
0.84270937142 2.60517946544 0.626180074647 0.603453236993
0.84414034819 2.6054610981 0.625722860655 0.603324752361
0.84557087925 2.60574396043 0.625267036463 0.603197086472
0.84700096392 2.60602715221 0.624812307136 0.603070022445
0.84843060775 2.60630846075 0.624358133069 0.602943009846
0.84985980628 2.60659023967 0.623905285441 0.602816690833
0.85128856133 2.60687242339 0.623453490949 0.602690964673
0.85271687346 2.60715455008 0.623002686274 0.602565734237
0.85414474447 2.60743651475 0.622553046422 0.602441071042
0.85557217494 2.60771847638 0.622104410973 0.60231690555
0.85699916415 2.60800030026 0.621657117814 0.602193393909
0.85842571394 2.60828281395 0.621210481002 0.602070368414
0.85985182359 2.60856474261 0.620765006334 0.601947770887
0.86127749495 2.60884685852 0.620320556465 0.60182569905
0.8627027273 2.6091287859 0.619877214663 0.601704173406
0.86412752247 2.60941120113 0.619435105292 0.60158335897
0.86555188105 2.60969313404 0.618993664082 0.601462783869
0.86697580358 2.60997486572 0.61855321001 0.601342651059
0.86839928937 2.61025687816 0.618113982403 0.601223129953
0.86982234025 2.61053855977 0.617675705579 0.60110400388
0.87124495809 2.61082006759 0.617238407913 0.600985363053
0.87266714087 2.61110107554 0.616801949703 0.600867048648
0.87408889047 2.61138321715 0.616366955098 0.600749623176
0.87551020616 2.61166480138 0.615932567763 0.600632463499
0.8769310898 2.61194504875 0.615498865046 0.600515351115
0.87835154196 2.61222734156 0.615067004143 0.600399558021
0.87977156453 2.61250962351 0.614636176813 0.600284250892
0.88119115807 2.61279021925 0.614205754001 0.600168871212
0.88261032057 2.61307241885 0.613776925795 0.600054529801
0.8840290552 2.61335427429 0.613348869885 0.599940337897
0.88544736123 2.61363546028 0.612921418953 0.599826555355
0.88686524056 2.61391688216 0.612494924152 0.599713202126
0.88828269246 2.61419897845 0.612069710045 0.599600602886
0.88969971881 2.61447995367 0.61164494674 0.599487856559
0.89111631889 2.6147617334 0.611221576262 0.599376060675
0.89253249592 2.61504323212 0.610799057136 0.599264639417
0.89394824653 2.61532574271 0.610377907848 0.599154055867
0.89536357526 2.61560756756 0.609957492621 0.599043692262
0.8967784774 2.61588888232 0.60953798023 0.598933710246
0.89819295885 2.61617014324 0.609119517394 0.598824252208
0.8996070202 2.61645169957 0.608701755262 0.598715168404
0.90102065671 2.61673352539 0.608285404018 0.598606714051
0.90243387698 2.61701443022 0.607869735707 0.598498499727
0.90384667358 2.61729574747 0.607455487661 0.598391061878
0.90525904845 2.61757734193 0.607042008789 0.598284039897
0.90667100485 2.61785816693 0.60662880663 0.598176862253
0.90808254741 2.61813893185 0.606216818509 0.598070356193
0.9094936727 2.618420273 0.60580581563 0.597964378344
0.91090437997 2.61870087812 0.605395581801 0.597858695786
0.91231466982 2.61898143251 0.60498627083 0.597753403398
0.91372454418 2.61926254772 0.604577902444 0.59764850861
0.91513400368 2.61954389942 0.604171205903 0.597544668767
0.91654304891 2.61982448503 0.603764935985 0.597440804181
0.91795168048 2.62010533149 0.603359556188 0.597337410073
0.91935989899 2.62038543778 0.602954883508 0.597234191138
0.92076770368 2.62066629185 0.602551471612 0.597131769941
0.92217509653 2.62094617641 0.602148753776 0.597029495888
0.92358207678 2.62122634107 0.601746931468 0.59692770013
0.92498864778 2.6215065034 0.601345984149 0.596826355759
0.92639480876 2.62178727583 0.60094586279 0.596725533852
0.92780055897 2.62206798608 0.600546755476 0.596625138052
0.92920589901 2.62234830138 0.600148503516 0.59652510944
0.93061083089 2.62262886509 0.599751197979 0.596425544764
0.93201535521 2.62290918461 0.599354649964 0.59632634321
0.93341947121 2.6231890696 0.598958979025 0.596227495251
0.93482317812 2.62346997916 0.598564245121 0.596129070952
0.93622647656 2.62375041875 0.598170671822 0.596031374194
0.93762936852 2.624030874 0.597777751527 0.595933870286
0.93903185604 2.62431115614 0.597385751219 0.595836826583
0.94043393974 2.62459126226 0.59699444406 0.59574006132
0.94183561884 2.62487151308 0.596604120265 0.595643754978
0.94323689257 2.62515163164 0.596214754345 0.595547895846
0.94463776435 2.62543162935 0.595826077147 0.595452337304
0.94603823343 2.6257107542 0.595438073454 0.595356947643
0.947438299 2.62599171616 0.595051568405 0.595262582005
0.94883796311 2.62627194172 0.594665819979 0.595168462703
0.95023722782 2.62655142567 0.594280715128 0.595074512327
0.9516360895 2.62683114905 0.593896616734 0.594981045785
0.95303455304 2.62711077474 0.593513189945 0.594887969097
0.9544326191 2.62739035766 0.593130885157 0.594795409738
0.95583028688 2.62767044861 0.592749230034 0.594703227396
0.95722755702 2.62794990808 0.592368513432 0.594611379989
0.95862442585 2.62823005072 0.59198859826 0.594519968834
0.96002089832 2.6285092259 0.591609149499 0.594428576715
0.96141697365 2.62878980565 0.59123119376 0.5943382768
0.96281265535 2.62906973835 0.590853515246 0.59424794111
0.96420793975 2.6293497524 0.590476928029 0.594158184033
0.96560283038 2.62962941984 0.590101113829 0.594068716038
0.96699732644 2.62990851812 0.589725606988 0.593979420421
0.96839142713 2.63018833404 0.589351942362 0.593890986261
0.96978513747 2.6304675314 0.588978879828 0.593802841048
0.97117845374 2.63074663177 0.588606385906 0.593714927506
0.97257137805 2.63102551528 0.588235128541 0.59362754114
0.97396391252 2.63130373005 0.587864664998 0.593540425967
0.97535605341 2.63158204762 0.587494881503 0.593453642636
0.97674780579 2.6318609206 0.587126122783 0.593367378451
0.97813916885 2.63213914936 0.586758134982 0.593281406701
0.97953014326 2.63241733736 0.586391120402 0.593195891871
0.98092072522 2.63269735441 0.586024706067 0.593110949513
0.98231091985 2.6329741331 0.585659392904 0.593025773335
0.98370072634 2.63325213657 0.585294792035 0.592941281505
0.98509014684 2.63352945601 0.58493117017 0.59285722878
0.98647917905 2.63380722021 0.584568539236 0.592773719805
0.98786782662 2.63408534327 0.584206450633 0.592690376375
0.98925608572 2.63436337111 0.583845428729 0.592607505324
0.99064396003 2.63464130486 0.583485488131 0.592525139032
0.99203145024 2.63491833239 0.583126029912 0.592442929819
0.9934185555 2.63519502928 0.582767266984 0.59236099395
0.99480527953 2.63547264742 0.582409749036 0.59227976776
0.99619161693 2.63574886862 0.582052730503 0.592198587891
0.99757757144 2.63602536644 0.581696745457 0.592117894401
0.99896314372 2.63630181556 0.58134152068 0.592037525554
1.000348336 2.63657815107 0.580987054496 0.591957516908
1.001733149 2.63685401992 0.580633368042 0.591877795703
1.0031175788 2.6371298956 0.580280525425 0.591798482021
1.004501629 2.63740551989 0.579928448093 0.591719505176
1.005885299 2.63768075087 0.579577135777 0.591640869348
1.0072685894 2.63795567857 0.579226310475 0.591562481422
1.0086515009 2.63823178773 0.578877025763 0.591484919196
1.0100340325 2.63850725576 0.578528138488 0.591407470558
1.0114161851 2.63878239556 0.578180067104 0.591330320987
1.0127979609 2.63905764752 0.577832882722 0.591253643302
1.014179359 2.63933271149 0.577486411561 0.591177265686
1.0155603801 2.63960623198 0.57714029329 0.591100864333
1.016941025 2.63988131694 0.576795797641 0.591025350572
1.0183212911 2.64015574782 0.57645228185 0.590950285547
1.019701184 2.64042983697 0.576109005225 0.590875150965
1.0210807011 2.6407031924 0.575765822474 0.590800044229
1.0224598416 2.64097886309 0.57542496296 0.590726563455
1.0238386079 2.64125117362 0.575083709353 0.590651987707
1.0252170005 2.64152646347 0.57474412258 0.590578954431
1.0265950187 2.64179956767 0.574404950026 0.590505653912
1.0279726632 2.64207559901 0.574069290318 0.590435038295
1.0293499362 2.64234313525 0.573728431395 0.590359280192
1.0307268353 2.64261843235 0.573392884946 0.590288074057
1.0321033661 2.64289010395 0.573056040988 0.590215266749
1.0334795244 2.64316424081 0.572721749983 0.590144599253
1.0348553093 2.64343403229 0.572386235223 0.590072080917
1.0362307282 2.64370862407 0.572053556865 0.590002135474
1.0376057718 2.64398073494 0.571720780277 0.589931427591
1.0389804557 2.64425004712 0.571387621473 0.589859799265
1.0403547642 2.64452191719 0.571056450243 0.589789716257
1.0417287095 2.64479346415 0.570726015006 0.589719964742
1.0431022826 2.64506373991 0.57039550231 0.589649682877
1.0444754941 2.6453398227 0.570069725078 0.589583590682
1.0458483364 2.64561130711 0.569741933979 0.58951499012
1.0472208136 2.64587751419 0.569411949031 0.589443650609
1.0485929281 2.64615267292 0.569088069611 0.589378029197
1.0499646723 2.64642338148 0.568762535605 0.589310396594
1.0513360554 2.64669568525 0.568437985861 0.58924325343
1.0527070748 2.64696152586 0.56811126869 0.589173474961
1.0540777294 2.64723651679 0.56779102024 0.589109167509
1.0554480219 2.64750748073 0.567469012521 0.589042859263
1.0568179512 2.64777888615 0.567147745318 0.588977216109
1.058187513 2.64804523523 0.566824815358 0.588908956104
1.0595567149 2.64831580983 0.566505534134 0.588843980535
1.060925556 2.64858479488 0.566185980658 0.588778195682
1.0622940353 2.64885375975 0.565867100682 0.588712806022
1.0636621501 2.64912865492 0.565553066278 0.588651300758
1.0650299081 2.6493975429 0.565236058558 0.588586736712
1.0663973084 2.6496698625 0.564923067234 0.58852599248
1.06776435 2.64993574904 0.564605375665 0.588459161001
1.069131032 2.65020212835 0.56428944121 0.588393665769
1.0704973535 2.65047484257 0.563978130242 0.588333019852
1.0718633168 2.65073909368 0.563662836269 0.588267419493
1.0732289229 2.65101056737 0.563352567717 0.5882063753
1.0745941725 2.65127941416 0.563041950195 0.588144516096
1.0759590682 2.65154806334 0.562732030841 0.588082857127
1.0773236072 2.65181639154 0.562422789021 0.588021361425
1.0786877939 2.65208475302 0.562114355557 0.587960151846
1.0800516273 2.6523549286 0.561807234898 0.587899709276
1.0814151065 2.65262076391 0.56149987742 0.587838535757
1.082778234 2.652888589 0.561193907117 0.587778171815
1.0841410107 2.65315599344 0.560888746173 0.587718093569
1.0855034356 2.65342271802 0.560584137593 0.587658101233
1.0868655094 2.65368884218 0.560280576134 0.587598530965
1.0882272349 2.65395646889 0.559978382334 0.58753963755
1.0895886074 2.65422227248 0.559676666662 0.587480748115
1.0909496332 2.6544885827 0.559375676521 0.58742206952
1.0923103113 2.65475464672 0.559075534417 0.587363722996
1.0936706425 2.65502082897 0.558776408618 0.587305821375
1.0950306295 2.65528548589 0.55847755387 0.587247780889
1.0963902695 2.65555147014 0.55818009281 0.587190534229
1.0977495615 2.65581645689 0.557883210216 0.58713338255
1.0991085118 2.65608183458 0.557587346051 0.587076713014
1.1004671195 2.6563462518 0.557291955268 0.587020061401
1.1018253835 2.65661145799 0.556997946536 0.586964186038
1.1031833029 2.65687619171 0.556704421687 0.586908315819
1.104540886 2.65713999552 0.55641155758 0.586852650924
1.1058981262 2.65740404206 0.556119927047 0.586797516367
1.1072550261 2.65766767787 0.555828873484 0.586742538498
1.1086115923 2.65793015559 0.555538310733 0.586687617811
1.1099678126 2.65819374177 0.555249093242 0.586633357673
1.1113236991 2.65845769718 0.554961099967 0.586579744038
1.112679247 2.6587200494 0.554673366573 0.586525866959
1.1140344629 2.65898364826 0.554386820481 0.586472638729
1.1153893419 2.65924531598 0.554100704792 0.586419306138
1.116743887 2.65950768571 0.553815620841 0.586366467899
1.1180980989 2.6597706581 0.553531612529 0.586314429613
1.1194519767 2.66003016375 0.553247334802 0.586261357422
1.1208055212 2.66029372038 0.552965689223 0.58621025329
1.1221587393 2.66055726443 0.552685171224 0.586159709083
1.123511622 2.66081575645 0.552402971393 0.586107111528
1.1248641781 2.66107612494 0.552122956329 0.586055992896
1.1262164047 2.66133481425 0.551842967426 0.586004460215
1.1275683045 2.66159642415 0.551565332917 0.585954516515
1.1289198806 2.6618559586 0.551287886381 0.58590422393
1.1302711259 2.66211396301 0.551010769998 0.585853728938
1.1316220453 2.66237207812 0.550734100404 0.585802936913
1.1329726418 2.66263253392 0.55046063992 0.58575494201
1.1343229164 2.66289081549 0.550186399066 0.585705606438
1.1356728639 2.66314778569 0.54991258213 0.585656224685
1.1370224914 2.6634070529 0.549641263382 0.585608700935
1.1383717999 2.66366739539 0.54937094262 0.585561857935
1.1397207881 2.66392625655 0.549099239066 0.585513066519
1.1410694573 2.66417930229 0.548827847936 0.585464193451
1.1424178063 2.66443518089 0.548556522619 0.585414022138
1.143765838 2.66469282648 0.54829018815 0.585369269868
1.1451135557 2.66494833819 0.548021953851 0.585321459724
1.1464609581 2.66520813758 0.547757447638 0.585276578363
1.1478080463 2.66545838057 0.547488463708 0.585227640098
1.1491548192 2.66570912217 0.5472237395 0.585181272665
1.1505012821 2.66597257569 0.546961316367 0.585136814929
1.1518474337 2.66623181197 0.546698276572 0.585091850366
1.1531932753 2.66649035428 0.546437190578 0.58504824494
1.1545388077 2.66673022739 0.546170824312 0.584998480012
1.155884032 2.66698190556 0.545910659014 0.584954605641
1.1572289493 2.66723792911 0.54565223265 0.584911203543
1.1585735585 2.6674829663 0.545390886378 0.584864184048
1.1599178606 2.66775380238 0.545133729006 0.584821493313
1.1612618568 2.66800806866 0.544876026088 0.584777709091
1.1626055479 2.6682549093 0.544619627726 0.584734656813
1.1639489395 2.668495556 0.544361288171 0.584688898194
1.1652920282 2.6687496678 0.544108639395 0.584648086993
1.1666348196 2.66899595253 0.543852768814 0.584603198979
1.1679773059 2.66925947074 0.54360091201 0.584562047896
1.1693194905 2.66950935207 0.543347859701 0.584519478204
1.170661381 2.66974699788 0.543092919979 0.584474506926
1.1720029785 2.66999609903 0.542842774916 0.584433002028
1.1733442709 2.67025576079 0.542593814424 0.584392266705
1.1746852704 2.67050432149 0.542344486942 0.584351507114
1.1760259803 2.67074046534 0.542093897168 0.584308490723
1.1773663885 2.67099238171 0.541845581673 0.584266207803
1.1787065072 2.67125486608 0.541602923005 0.584230384783
1.1800463374 2.67150527437 0.541356848257 0.584189991209
1.1813858716 2.67173562617 0.541108870304 0.584147646397
1.1827251219 2.67197845017 0.540861949811 0.584105079042
1.1840640761 2.67223455647 0.540623935098 0.584070598801
1.1854027488 2.67249039997 0.540380685305 0.584030622985
1.1867411277 2.67272401286 0.540135792294 0.583989245896
1.1880792254 2.67296186672 0.539894575768 0.583949910901
1.1894170338 2.67322155123 0.539657668154 0.583914268739
1.1907545656 2.67346919988 0.539414708001 0.583872314799
1.192091806 2.67370866904 0.5391778352 0.583836255292
1.1934287723 2.67393337257 0.53893736569 0.583795747859
1.1947654471 2.67418548992 0.538701463565 0.583758918132
1.196101848 2.67443681403 0.5384666208 0.58372233917
1.1974379716 2.67466539401 0.538229433513 0.583683596385
1.1987738073 2.67490988241 0.537995616779 0.583647355462
1.200109373 2.67514317155 0.5377592401 0.583608725887
1.2014446627 2.67541452839 0.53753124929 0.583576490248
1.2027796682 2.67563242616 0.537295742327 0.583537126207
1.2041144051 2.67588385663 0.537064881791 0.583500514555
1.2054488724 2.67613009536 0.536833088471 0.58346349682
1.2067830592 2.67636058744 0.53660594174 0.583429890631
1.208116974 2.67658563715 0.536373318773 0.583391053781
1.2094506232 2.67682013671 0.536146444218 0.583357718361
1.210784003 2.67708979487 0.535922336971 0.583325402162
1.2121171173 2.67730816825 0.535694365801 0.583288630094
1.2134499552 2.6775381693 0.535467699579 0.583253051042
1.2147825277 2.67777214563 0.535242353005 0.583218813953
1.2161148363 2.67802712903 0.535020830677 0.583186499738
1.2174468798 2.67827122643 0.534796975015 0.58315196688
1.2187786622 2.67851103195 0.534575590179 0.583119264367
1.2201101822 2.6787465024 0.534355072318 0.583086818204
1.2214414388 2.67898204217 0.534134484074 0.583053833358
1.2227724333 2.67921414657 0.533913813754 0.583020151893
1.2241031672 2.67944821116 0.533694748065 0.582987388089
1.2254336443 2.67967571357 0.533472638771 0.582951025454
1.2267638637 2.67989771431 0.53325611941 0.582920235214
1.228093824 2.680133591 0.533040890231 0.582889304349
1.2294235268 2.68036111898 0.532823909414 0.582856632608
1.2307529761 2.68059230005 0.532608560767 0.582824751916
1.2320821707 2.68082396431 0.532394330528 0.582793321935
1.2334111121 2.68105008594 0.532179548579 0.582761184043
1.2347398019 2.68128498801 0.531968653197 0.582731295017
1.2360682414 2.68152109862 0.531755738751 0.582699272088
1.237396435 2.68175877605 0.531546751507 0.582670624352
1.2387243814 2.68197999775 0.531336611389 0.582640900478
1.2400520714 2.6822081998 0.531127644178 0.582611328962
1.2413795119 2.6824380339 0.530917831711 0.582580172778
1.2427067071 2.68265897583 0.530708998162 0.582549655665
1.2440336614 2.68289331578 0.530502684817 0.582520573738
1.2453603764 2.68312164324 0.530294085806 0.582489032857
1.246686837 2.6833458458 0.530089856615 0.582461189549
1.2480130559 2.68356527422 0.529884891618 0.582432260676
1.2493390376 2.68379886057 0.52968151782 0.582403794272
1.2506647864 2.68401695087 0.52947749638 0.582374728512
1.2519902787 2.68424475564 0.529275683835 0.582346817528
1.2533155415 2.68446962802 0.529073994123 0.582318658365
1.2546405766 2.68469068807 0.528872639323 0.582290222116
1.2559653541 2.68491584548 0.528673341222 0.582263620649
1.2572899072 2.68513682701 0.528473017567 0.582234695399
1.258614229 2.68535828377 0.528274925977 0.58220772595
1.2599383039 2.68557997614 0.5280772036 0.582180166163
1.2612621626 2.68580065702 0.527881235782 0.582154707414
1.2625857747 2.68601777814 0.527679562844 0.582122192844
1.2639091655 2.68624526789 0.527490769976 0.582102700998
1.2652323219 2.68646039544 0.52729383203 0.582073569003
1.2665552516 2.68668369667 0.527102304785 0.582050056359
1.2678779535 2.68689705082 0.526904675906 0.582018884773
1.2692004262 2.68711617698 0.526714365343 0.581995281872
1.2705226748 2.68733368967 0.526523082505 0.581969771325
1.2718446947 2.68754975586 0.526332311817 0.581944828237
1.2731664911 2.68776727722 0.526142913496 0.581919498865
1.2744880718 2.68798548726 0.525954208201 0.581894809962
1.2758094171 2.68819939226 0.525765351955 0.581869663767
1.2771305631 2.68841440201 0.525577792888 0.581845022805
1.2784514617 2.68862880548 0.525390912344 0.581820501985
1.2797721587 2.68884298731 0.525204764317 0.581796157224
1.2810926339 2.68905691013 0.525018631887 0.581771540225
1.282412883 2.68926791971 0.524832906331 0.581746859895
1.2837329302 2.68947908572 0.524648030169 0.581722348512
1.2850527487 2.68969051912 0.524465681043 0.581699376609
1.2863723499 2.68989947244 0.524280061679 0.581673953632
1.2876917491 2.6901089654 0.524097187818 0.581650101432
1.2890109253 2.69031935724 0.523914968636 0.581626454128
1.2903298805 2.6905266659 0.523733604286 0.581602961957
1.2916486332 2.69073423289 0.523553646222 0.581580073717
1.2929671857 2.6909419882 0.523372903406 0.581556435284
1.2942855031 2.69114906616 0.523193773147 0.581533484682
1.2956036177 2.6913565283 0.523015538174 0.581510905279
1.2969215318 2.69156305173 0.522838022971 0.58148841586
1.298239244 2.69176922985 0.522660824888 0.581465847654
1.2995567498 2.69197188168 0.522483460837 0.581442919688
1.300874034 2.69218038698 0.522309641892 0.581422097192
1.3021911194 2.69238540422 0.522135012273 0.581400311387
1.3035080048 2.69258969971 0.521960925819 0.58137853063
1.3048246926 2.69279167478 0.521786855113 0.581356183497
1.3061411815 2.69299936226 0.521615870694 0.581336891507
1.3074574703 2.69319923545 0.521444541563 0.581314668103
1.3087735576 2.69340452746 0.52127131319 0.581293241264
1.3100894383 2.69360847349 0.521104190643 0.581274878473
1.3114051221 2.69380695447 0.52093183517 0.581251646816
1.3127206113 2.69400815979 0.520763696609 0.581231500775
1.3140359046 2.6942081435 0.520596109553 0.58121151224
1.3153510044 2.69440975843 0.520427773326 0.581191060636
1.3166659132 2.69460995575 0.520260955806 0.581171107321
1.3179806295 2.6948094598 0.52009528506 0.58115168295
1.3192951522 2.69500888128 0.519929444934 0.581131962915
1.3206094875 2.69521064094 0.519765901461 0.581113990471
1.3219236302 2.69540679053 0.519601425777 0.581093662363
1.3232375868 2.69560638439 0.519439196081 0.581075796061
1.3245513558 2.69580398122 0.5192767335 0.58105710128
1.3258649361 2.69599959713 0.51911548054 0.581038102033
1.3271783341 2.69619851443 0.518954276827 0.581020495928
1.3284915485 2.69639794927 0.518794965134 0.581003243993
1.3298045821 2.69659117173 0.518634602198 0.580983879943
1.3311174132 2.69678720628 0.518475966036 0.580966256393
1.3324300604 2.69698372087 0.518319016517 0.580949859146
1.3337425266 2.69717767309 0.518161420921 0.580932050139
1.3350548145 2.69737366801 0.518006466267 0.580915973825
1.3363669269 2.69756853741 0.517850656673 0.580899612981
1.337678867 2.69776268707 0.517695333797 0.580882709045
1.3389906375 2.69795673119 0.517541476825 0.580866630229
1.3403022159 2.69814732697 0.517386884162 0.580849003298
1.3416136003 2.69834215702 0.51723531843 0.580834047359
1.3429248194 2.69853435883 0.517084008325 0.580818733209
1.3442358721 2.69872498672 0.516932937689 0.580803049269
1.3455467617 2.69891692537 0.516780774011 0.580786676316
1.3468574647 2.69910913838 0.516632242244 0.580772596884
1.3481679745 2.69929967688 0.516482583758 0.580757040531
1.3494783258 2.69948961446 0.516334885801 0.580742869824
1.3507885266 2.69967897392 0.516187480953 0.580728239517
1.3520985483 2.69986986348 0.516040454298 0.580714024083
1.3534083702 2.70005764924 0.515894030208 0.580699633365
1.3547180468 2.70024592591 0.515748408077 0.580685385465
1.356027582 2.70043594184 0.515604531604 0.580672663963
1.3573368983 2.70062272501 0.515460021679 0.580658242018
1.3586460603 2.70080923605 0.515316170022 0.580644959105
1.3599550915 2.70099737931 0.515173959587 0.580631795675
1.3612639224 2.70118442396 0.515031902052 0.580618821543
1.3625725849 2.70137044824 0.514890592733 0.580606051377
1.363881133 2.7015574966 0.514750658533 0.580593863033
1.3651894651 2.70174014707 0.514610111483 0.580580501766
1.3664976493 2.70192493464 0.514472223006 0.580569022986
1.3678057264 2.7021110666 0.514332649572 0.580556564204
1.3691135498 2.70228982863 0.51419380433 0.580543415736
1.3704212787 2.7024792282 0.514058045688 0.580533236974
1.3717288339 2.70265946897 0.513919851978 0.580520457892
1.3730362072 2.70283894218 0.513784489793 0.580508583158
1.3743434951 2.7030212611 0.513649417263 0.580497331033
1.3756505217 2.70320718118 0.513515098848 0.580487069146
1.3769574876 2.70338689899 0.513381275225 0.58047563744
1.3782642262 2.70356831384 0.513248686379 0.580465378859
1.3795708576 2.70374640123 0.513115931167 0.580454153523
1.3808773139 2.7039295577 0.512985406208 0.580445013143
1.3821836262 2.70410570777 0.512853001688 0.580433323676
1.3834897944 2.70428937578 0.512723903005 0.580424473043
1.384795792 2.70446686273 0.51259239628 0.580413734435
1.386101666 2.70464438384 0.512463818161 0.580404084503
1.3874073596 2.70482308298 0.51233479507 0.580394345317
1.3887129329 2.70500121745 0.512207947327 0.580385249272
1.3900183399 2.70517813117 0.512080031099 0.58037539628
1.3913236053 2.70535302913 0.511953557962 0.580365971039
1.3926287381 2.70553072685 0.511829976681 0.58035873697
1.3939336878 2.70570661696 0.511703358409 0.580349036119
1.3952385662 2.70588089256 0.51157833403 0.580339872843
1.3965431918 2.70605616018 0.511454617811 0.580331578061
1.3978478173 2.70623108923 0.511331716524 0.580323398398
1.3991521295 2.70640423306 0.511208377276 0.580314711479
1.4004564217 2.70657467632 0.511086701237 0.580306207738
1.4017605214 2.70675004399 0.51096478889 0.580298378441
1.4030644699 2.70692391203 0.510844097992 0.58029059349
1.404368397 2.70709330677 0.510722757253 0.580282127054
1.4056719903 2.70726544651 0.510604178941 0.580275070575
1.4069755836 2.70743662772 0.510484909778 0.580267341091
1.4082790076 2.70760362487 0.510366572895 0.580259463284
1.4095822328 2.7077762157 0.510249278668 0.580253115551
1.4108854581 2.70794795679 0.510131342663 0.580245999754
1.4121884078 2.70811323278 0.510014957453 0.580238532803
1.4134912504 2.70828357717 0.509898793684 0.580231511933
1.414794093 2.70845161656 0.509783403673 0.580224762394
1.4160966081 2.70861850833 0.509667658997 0.580217308242
1.4173990514 2.70878535744 0.509553772387 0.580211229122
1.4187014946 2.70895037068 0.509439113893 0.58020392666
1.4200036195 2.70911818963 0.509327100673 0.580198604657
1.4213056439 2.70928251648 0.509213585475 0.580191525876
1.4226076684 2.70944879226 0.50910267442 0.580186350837
1.4239094807 2.70961254241 0.50899051692 0.580179675412
1.4252110633 2.70977781152 0.508880604193 0.580174647573
1.4265126459 2.70994140815 0.508770067648 0.580168499412
1.4278142285 2.71010549257 0.508661046519 0.580163581795
1.4291153604 2.71026743536 0.508551396557 0.580157402747
1.4304164734 2.71043052098 0.508443562644 0.580152713359
1.4317175865 2.71059084564 0.508334688085 0.580146589168
1.433018629 2.7107551852 0.508228708332 0.580142698105
1.4343192382 2.71091288044 0.508120362336 0.580136233609
1.4356198473 2.71107435961 0.508015000654 0.580132112154
1.4369204564 2.71123443858 0.507909064049 0.580126949449
1.4382210656 2.71139460737 0.507804542082 0.580122885244
1.4395211595 2.71155329806 0.507699856251 0.580118150629
1.4408212206 2.71171101377 0.507595156719 0.580112974922
1.4421212817 2.71186936995 0.507492179896 0.580109035866
1.4434213427 2.71202737007 0.507389258819 0.580104566511
1.4447212458 2.71218373642 0.507286195906 0.580099887095
1.4460206994 2.71234115727 0.507185515707 0.58009666352
1.4473201529 2.71249599849 0.507083338935 0.580091821357
1.4486196065 2.71265218744 0.506982473079 0.580088289376
1.44991906 2.71280683492 0.506882767339 0.580084269979
1.4512185136 2.71296272685 0.506782841296 0.580080871494
1.4525173292 2.71311472044 0.506684123784 0.580076951825
1.4538160893 2.71327099877 0.506585587828 0.580073922477
1.4551148495 2.71342295244 0.506487998209 0.580070352273
1.4564136096 2.71357557464 0.506390452035 0.580066966641
1.4577123698 2.71372753096 0.506293375326 0.580063623836
1.4590111299 2.71387909658 0.506196727528 0.580060310314
1.4603093739 2.71402970707 0.506100702821 0.580057005684
1.4616073015 2.7141819094 0.506005263874 0.580054139503
1.4629052291 2.71433063695 0.505910555852 0.580051209083
1.4642031567 2.71448025385 0.505816057865 0.580048347096
1.4655010843 2.71462897781 0.505722124205 0.580045573678
1.4667990119 2.71478021538 0.505629033808 0.580043747356
1.4680969395 2.71492610858 0.505535715459 0.580040187245
1.4693948671 2.71507534576 0.505443408937 0.580038185196
1.4706919717 2.71522143244 0.505351516197 0.580035063165
1.4719887871 2.71536745917 0.505260166165 0.580032730306
1.4732856025 2.71551324405 0.505169120318 0.580030317636
1.4745824179 2.7156587595 0.505078799565 0.580028129694
1.4758792333 2.71580345963 0.504988662262 0.580025566006
1.4771760487 2.71594801593 0.504899452775 0.580023831922
1.4784728642 2.71609304471 0.504810829152 0.580022169438
1.4797696796 2.71623615828 0.504721977285 0.580019800287
1.481066495 2.71637933665 0.50463414099 0.580017963243
1.4823633104 2.71652214389 0.504546275936 0.580015866397
1.4836601258 2.71666467015 0.504459764827 0.580014499917
1.4849556678 2.71680453136 0.504372687655 0.580012399347
1.4862503607 2.71694553148 0.504286306572 0.580010281188
1.4875450537 2.71708464282 0.504201566948 0.580009025576
1.4888397466 2.71722507337 0.504115745383 0.580007405319
1.4901344396 2.71736712471 0.504031344629 0.580006646302
1.4914291326 2.71750455482 0.503947353594 0.580005072334
1.4927238255 2.71764089325 0.503863766372 0.580003504633
1.4940185185 2.71777992074 0.503779785729 0.580002014994
1.4953132115 2.71792058998 0.503697165036 0.580001445921
1.4966079044 2.71805610005 0.503614709635 0.57999988418
1.4979025974 2.71819295279 0.503532863733 0.579998840545
1.4991972904 2.71832935686 0.50345150615 0.579997882412
