0.0015924202911 1.676007755 0.58384282723 0.999464185432
0.0033107349477 1.5311637753 0.542799399689 0.934692730016
0.0050165142489 1.45210912236 0.52282608388 0.900825484804
0.0066958627411 1.3955814378 0.508724529133 0.87361398738
0.0083554343731 1.35494177262 0.498072201792 0.849980391974
0.010001271945 1.32566973881 0.489441489345 0.829581652427
0.01163700762 1.30416379678 0.481968285552 0.812203936587
0.013265237704 1.28779239255 0.475187250514 0.797397658586
0.014888209386 1.27474126139 0.468926245789 0.784699348602
0.016507899129 1.26383656572 0.463030793976 0.773625829133
0.018125857702 1.25465071834 0.45732102395 0.763873137996
0.019743261891 1.24639448706 0.451789973323 0.754810635814
0.021360928524 1.23889489088 0.446458182452 0.746335570614
0.02297944948 1.23224268332 0.441344682799 0.738524007436
0.024599247105 1.22634221798 0.436445747212 0.731293766104
0.026220611255 1.22117306403 0.431778815507 0.7245999974
0.027843759736 1.2167597728 0.427362113483 0.71844540389
0.029468835465 1.21304103471 0.423194878711 0.712758145137
0.031095935884 1.20989839464 0.419235584141 0.707421113166
0.032725129722 1.207116842 0.415485872976 0.702309810524
0.034356463149 1.20460928144 0.41189933523 0.697352894151
0.035989974766 1.20216728271 0.40844634971 0.692458822982
0.037625706475 1.1996696866 0.405135926838 0.687587518483
0.039263719649 1.19704671432 0.4019163686 0.682662074032
0.04090407629 1.19421391077 0.398787315975 0.677653010654
0.04254685012 1.19113889979 0.395734470056 0.672563128149
0.044192125308 1.18781031917 0.392740998853 0.667371200361
0.045840004853 1.18422212277 0.3898000269 0.662081633614
0.047490616134 1.18034227778 0.386930039418 0.656729270746
0.04914408276 1.17627833321 0.384104002258 0.651324628049
0.050800518495 1.17202007492 0.381328400572 0.645909367963
0.05246002028 1.16763091307 0.378602400181 0.640517763897
0.054122687045 1.16312144498 0.375918228413 0.635151369407
0.055788600564 1.15857110865 0.37328859893 0.629873011181
0.057457836731 1.15397538481 0.370710920627 0.624680213679
0.059130481739 1.14942391147 0.368193743669 0.619615967749
0.060806606537 1.14492657272 0.365733410264 0.614670719473
0.062486268922 1.14049532023 0.363324043033 0.609856243064
0.064169517964 1.13615158576 0.360968319453 0.605177029097
0.06585638671 1.13189803534 0.35866433474 0.60062719108
0.067546883879 1.12776042573 0.356410194856 0.596209818576
0.069241005371 1.12374436948 0.354208614643 0.591923172953
0.07093873401 1.11987293815 0.352060086995 0.58777895148
0.072640057904 1.11613489318 0.349960253432 0.583756619889
0.074344949377 1.11254138115 0.347911970691 0.579863679152
0.076053385943 1.10908491929 0.345913292387 0.576091654083
0.077765329844 1.10576678259 0.343960443818 0.572428703091
0.079480745139 1.10257838121 0.342053349133 0.568872276844
0.081199589415 1.09950803675 0.340189522783 0.565414472111
0.082921821212 1.09655804313 0.338369608619 0.562050548859
0.084647395857 1.09371452288 0.336591725748 0.558775429749
0.086376270468 1.09097725302 0.334854475161 0.555585145101
0.088108401474 1.08833140914 0.333154755993 0.552468005224
0.089843740337 1.08577830509 0.331493718618 0.549427524781
0.091582242926 1.08330628196 0.329869381649 0.546457714643
0.093323873893 1.08091779958 0.328281443025 0.543557832373
0.095068593014 1.078601362 0.326727234909 0.540721804167
0.096816362933 1.07636062415 0.325205751477 0.537961196273
0.098567149223 1.07416384622 0.323715616708 0.535243783675
0.10032091606 1.07203205308 0.322257276292 0.532588547015
0.10207763063 1.06995733161 0.320828310989 0.529990978103
0.10383726405 1.06793311281 0.319426704947 0.527445043455
0.10559979057 1.06595859917 0.318050802708 0.524949400913
0.10736518137 1.06403755207 0.316701225062 0.52250793694
0.10913341261 1.06216198114 0.315375970897 0.520113849087
0.11090446009 1.06034168021 0.314075127389 0.517774938421
0.11267830107 1.05856653213 0.312799207698 0.515481446021
0.11445491247 1.05684172712 0.311546416046 0.513237096461
0.1162342727 1.05518922766 0.310317969387 0.511056459879
0.11801636078 1.05358902657 0.309112607701 0.508924766332
0.11980115451 1.05204810125 0.307931033668 0.50684529759
0.12158862767 1.05057000515 0.306772896392 0.504819056584
0.12337875554 1.04914302662 0.305636918997 0.502839678337
0.12517151492 1.0477732989 0.304522914012 0.500908053023
0.12696687856 1.04647655275 0.3034334269 0.499036571027
0.12876482168 1.04523099375 0.302364479317 0.497207313085
0.13056532105 1.04404054412 0.301316909596 0.49542368191
0.13236835029 1.04291037389 0.300290605434 0.493687960218
0.13417377569 1.04182616679 0.299283542238 0.491990180892
0.13598052575 1.04080841126 0.298298440575 0.490344787313
0.13778830545 1.03983400639 0.297331923517 0.488735622533
0.13959708275 1.03891173016 0.296384543986 0.487167574487
0.14140682735 1.03803691955 0.295455692895 0.485638563212
0.14321750391 1.03720944512 0.294544588171 0.484146530304
0.14502908368 1.03642752503 0.293650844726 0.482691537036
0.14684153677 1.03569057051 0.292774175379 0.481272672983
0.14865482827 1.03499771905 0.291913728897 0.479888727609
0.15046892792 1.03434543374 0.291069439111 0.478537772597
0.15228380532 1.03373341477 0.290240603505 0.47721926124
0.15409943087 1.03315328359 0.289428597266 0.47592677858
0.15591577483 1.03261891948 0.288629375366 0.474670877417
0.15773280828 1.0321240381 0.287845173175 0.4734463215
0.15955049919 1.03166426973 0.287075075926 0.472250317865
0.16136881934 1.03123999306 0.28631824386 0.471082085828
0.16318773641 1.03085216922 0.285575286157 0.469943088295
0.16500722585 1.03049816539 0.284845491861 0.46883118754
0.16682725703 1.03017677096 0.28412861839 0.467746401435
0.16864780318 1.02988879519 0.283424366219 0.466687327132
0.17046883838 1.02963249686 0.282732363041 0.465654097559
0.17229033563 1.02940488965 0.28205212457 0.464644915355
0.17411226979 1.02920758068 0.281383557046 0.463660376329
0.17593461763 1.02903714565 0.280725954534 0.462697928617
0.17775735882 1.02889728293 0.280079552829 0.461761000874
0.17958046794 1.02878031834 0.279444147556 0.460843708571
0.18140392147 1.0286915741 0.278819145961 0.459949498687
0.18322769983 1.02862519419 0.278203916749 0.459074940195
0.18505177934 1.02858476489 0.277598417603 0.458221309633
0.18687614533 1.02856498724 0.277002600093 0.457386341634
0.18870078408 1.02857478524 0.276416461755 0.456574052655
0.19052567878 1.02859813212 0.275838252737 0.455775331672
0.19235080545 1.02864967933 0.275270093646 0.454998549324
0.19417615223 1.02871606047 0.274710434166 0.454236810261
0.19600169805 1.02880387573 0.274158993135 0.453492295195
0.19782743097 1.0289114389 0.273615538037 0.452765728331
0.19965332875 1.02903734665 0.273080016813 0.452054931589
0.20147937832 1.02918130955 0.272552804651 0.451360844232
0.20330556245 1.02934643028 0.272032969041 0.450684431055
0.20513187106 1.02951584861 0.271519007696 0.450014366911
0.20695828374 1.02970938145 0.271013296694 0.449364758521
0.20878479135 1.02991794278 0.270514704428 0.448729156953
0.21061137545 1.03014267607 0.270022668889 0.448107858138
0.2124380289 1.03038280572 0.269538111424 0.4475012171
0.21426473313 1.03063564142 0.269060044687 0.446907076522
0.21609147681 1.03089888178 0.268587843195 0.446324558517
0.21791826416 1.03117634039 0.268122203207 0.445755436905
0.21974505982 1.0314657252 0.267662723571 0.445198659438
0.22157185549 1.03176669766 0.267209068858 0.444653717681
0.22339865116 1.03207638409 0.266761006006 0.444117289642
0.22522544683 1.0324002464 0.266318552433 0.443595175286
0.22705223516 1.03273453253 0.265881763902 0.443083657919
0.22887897841 1.03307860261 0.265450217833 0.442583735569
0.23070569223 1.03343216663 0.265023697242 0.442093873514
0.2325323619 1.03379413463 0.264602722403 0.441614488579
0.23435897891 1.03416443016 0.264186465705 0.441144282257
0.23618553371 1.03454623662 0.263774219983 0.440685311414
0.23801201459 1.03493551134 0.263367417842 0.440234761746
0.23983841618 1.03533342171 0.26296532066 0.439793583615
0.24166472988 1.03573898213 0.262567488362 0.439361489752
0.2434909524 1.03615137034 0.262174667824 0.438937531029
0.245317073 1.03657271516 0.261786052444 0.438522975905
0.24714308624 1.03699559519 0.261401685209 0.438113380778
0.24896898557 1.03743250975 0.261021805941 0.437716098978
0.25079476871 1.0378726072 0.260645768443 0.437324951265
0.25262042592 1.03832001673 0.260273853857 0.436941915933
0.25444595273 1.03877500478 0.259905661346 0.436566450979
0.25627134578 1.03923575401 0.259542174469 0.436199437057
0.25809659845 1.03969879705 0.259180818074 0.435837442573
0.25992170305 1.04017003925 0.258825065971 0.43548452682
0.26174665509 1.04064571815 0.258472368671 0.435136615923
0.26357144899 1.04112694041 0.258123037909 0.434795525708
0.26539607917 1.04161355447 0.257777391447 0.434462289496
0.26722054109 1.04210495166 0.257435183865 0.434136001945
0.26904482805 1.04260134237 0.257096279837 0.433815558141
0.27086893444 1.04310251578 0.25676102431 0.433502512495
0.27269286 1.04360767471 0.256428878312 0.433196052312
0.27451659476 1.04411774142 0.25609976278 0.432893480658
0.27634013956 1.04462934214 0.255774056961 0.432597359439
0.27816348545 1.04514503869 0.255451567994 0.432307277966
0.27998663219 1.04566468426 0.255132258786 0.432022956281
0.28180957625 1.04618874503 0.254815909357 0.431744747039
0.28363231084 1.04671428538 0.254502357937 0.431471285027
0.28545483021 1.04724246327 0.254191980071 0.431203135692
0.28727713192 1.04777700435 0.253883640407 0.430942654763
0.2890992135 1.04831239345 0.253578294192 0.430685966706
0.29092107247 1.04885048705 0.253275923478 0.430434277272
0.29274270526 1.0493919503 0.252975997945 0.43018695575
0.2945641094 1.04993534639 0.252679375163 0.429944890743
0.29638528458 1.05048063544 0.252385731765 0.429707131818
0.29820622722 1.0510276332 0.252094881421 0.429473151987
0.30002693261 1.05157718292 0.251806415421 0.429243120769
0.30184739824 1.05212734417 0.251521613909 0.429017658619
0.30366762271 1.0526811948 0.251239213965 0.428796813204
0.30548760128 1.05323645447 0.250959818617 0.428579702936
0.30730733586 1.05379315479 0.250683128623 0.428366543265
0.3091268095 1.05435262835 0.250409311291 0.428157406602
0.31094602297 1.05491343448 0.250137993689 0.427952399502
0.31276497596 1.05547547319 0.249869969377 0.427750847297
0.31458366146 1.05603917447 0.249604120481 0.42755246813
0.31640208136 1.05660520875 0.249340402132 0.427358729447
0.31822023198 1.05717590158 0.249078623563 0.42717078361
0.32003811076 1.05775040869 0.248818441269 0.426987978373
0.32185571287 1.05832602903 0.248559629741 0.426809545824
0.32367303462 1.05889689362 0.248305282581 0.426631342202
0.32549007564 1.05947822779 0.248049856155 0.426463011639
0.32730683335 1.06006259591 0.247794519726 0.426299104287
0.32912330627 1.06064898299 0.247539650386 0.42613951473
0.3309394918 1.06124341884 0.247283789947 0.42598761352
0.33275539071 1.06183236314 0.247031425811 0.425835462593
0.33457100151 1.0624231408 0.246780707341 0.425687835959
0.33638632271 1.06301454601 0.246530800602 0.425543014314
0.33820135397 1.06360612697 0.246281951628 0.425401804381
0.34001609377 1.06419892183 0.246034336625 0.425263650775
0.3418305429 1.06479335992 0.245787509123 0.425129068645
0.34364469986 1.06538851826 0.245541719524 0.424997412069
0.34545856541 1.06598300682 0.24529790278 0.424868244016
0.34727213692 1.0665772648 0.245055313869 0.424741683886
0.34908541517 1.06717158454 0.244814249681 0.424617922118
0.35089839978 1.0677661768 0.244574599181 0.424496915918
0.3527110881 1.06836108108 0.244336308733 0.42437849489
0.35452347975 1.06895634003 0.244099419257 0.424263060092
0.35633557437 1.06954969281 0.24386507645 0.424149671953
0.35814737159 1.07014234199 0.243631167487 0.424037341461
0.35995886987 1.0707356661 0.243398656893 0.423927911879
0.36177006654 1.07132965423 0.243168489312 0.423822157089
0.36358096123 1.07192282251 0.242939224099 0.423717530793
0.36539155354 1.0725147865 0.242711694651 0.423615154764
0.36720184542 1.07310614496 0.242485598855 0.423514651849
0.369011833 1.07369698795 0.242260826055 0.423416387672
0.37082151708 1.07428683903 0.242037588543 0.423320012652
0.37263089608 1.07487544222 0.241815863303 0.423225343389
0.37443997081 1.07546358085 0.241595441934 0.42313263783
0.37624874202 1.0760508882 0.241376363161 0.423041787623
0.37805720701 1.07663841689 0.241158771381 0.422952990638
0.37986536772 1.07722494081 0.240942348396 0.422865960089
0.38167322142 1.07781119675 0.24072708071 0.422780702045
0.38348076773 1.07839673208 0.240513211041 0.422697041203
0.38528800507 1.07898337882 0.240300505581 0.422614953916
0.38709493424 1.0795651134 0.240089604603 0.422535567647
0.38890155599 1.08015208818 0.239879059467 0.422456670689
0.39070787112 1.08073267225 0.239671269491 0.422381035915
0.3925138757 1.08131490648 0.239463680256 0.422306770047
0.39431957404 1.08189894735 0.239257076275 0.422233726272
0.39612496457 1.08248470765 0.239051444794 0.422162772868
0.3979300469 1.08306229746 0.238848725657 0.422094702713
0.39973481824 1.08364326382 0.238647102806 0.422026920534
0.40153928175 1.08422567239 0.238445454905 0.421960315374
0.40334343586 1.0848075594 0.23824507854 0.421895415083
0.40514728133 1.08538924042 0.238045969571 0.421832437539
0.4069508154 1.08597077146 0.237847938763 0.421771105942
0.40875403766 1.08655156678 0.237651278141 0.421711506817
0.4105569465 1.08713215204 0.237455662537 0.421653506721
0.41235954271 1.08771330095 0.237260844165 0.421596960512
0.41416182349 1.08829324073 0.237067545612 0.421542316654
0.41596378844 1.08887353673 0.236875391595 0.421489438212
0.41776543952 1.0894523302 0.236683848656 0.421436775427
0.41956677514 1.09003131414 0.236493183376 0.421385646681
0.42136779366 1.09061012235 0.236303538367 0.421336087194
0.42316849589 1.09118544011 0.236116923594 0.421289730028
0.42496888139 1.09176436468 0.235929567308 0.42124422073
0.42676895096 1.09234157454 0.235743226513 0.421199440088
0.42856870297 1.09291875471 0.235557966849 0.421156432387
0.43036813579 1.09349513217 0.235373696033 0.42111468619
0.43216724779 1.0940714561 0.235190374671 0.421074399287
0.43396603854 1.09464640622 0.235007827352 0.421035070404
0.43576450518 1.09522088881 0.234826726694 0.420997423736
0.43756265094 1.0957945326 0.234646343903 0.420960621902
0.43936047538 1.09636882683 0.234465359916 0.42092511611
0.44115797565 1.09694140304 0.234287986495 0.420890476866
0.44295515617 1.09751285023 0.234110577714 0.420857440385
0.44475201408 1.09808431133 0.233934078115 0.420825873972
0.44654854896 1.09865335158 0.233758468234 0.420794709106
0.4483447628 1.09922364064 0.233583779311 0.420765372891
0.45014065396 1.09978969021 0.233410558065 0.420736991204
0.45193622569 1.10035595933 0.23323868661 0.420709030888
0.45373147631 1.1009209587 0.233067443521 0.420682298776
0.4555264054 1.10148101234 0.232899699987 0.420655307943
0.45732101745 1.10203875713 0.232735226164 0.420629100087
0.45911530832 1.10259468824 0.232572354413 0.420603539384
0.46090927757 1.1031487417 0.232412371069 0.42057849089
0.46270292477 1.10370031711 0.232256128122 0.420553831
0.46449625071 1.10424953713 0.232102311064 0.420529882521
0.4662892562 1.10479819694 0.231949984602 0.420506892537
0.46808194203 1.1053479437 0.231799516795 0.420486116976
0.469874309 1.10589655424 0.231649944821 0.420466147224
0.47166636168 1.10644391954 0.23150106342 0.420446700895
0.47345810212 1.10699106557 0.231352878572 0.420428320277
0.47524952987 1.10753722149 0.231205287596 0.420410957759
0.47704064452 1.10808342298 0.231058104747 0.420394946538
0.47883145062 1.1086272659 0.230911758833 0.420378780647
0.48062194398 1.10917181485 0.230765953567 0.420364296046
0.48241212291 1.10971626696 0.230620256708 0.420350602547
0.48420199325 1.11025996172 0.230475000638 0.42033789026
0.48599154827 1.11080339573 0.23033003632 0.420325859902
0.48778078752 1.1113461629 0.23018549176 0.4203145457
0.48956971055 1.11188834063 0.230041165425 0.420303907596
0.49135832071 1.11242904079 0.229897718427 0.420293563628
0.4931466163 1.11296984179 0.229754684879 0.420284370583
0.49493459559 1.1135088026 0.229611902487 0.420275518684
0.49672226195 1.11404573789 0.229469601497 0.420267019324
0.49850961493 1.1145829269 0.229327440481 0.420259363597
0.50029665408 1.11511903341 0.229185701821 0.420252271167
0.50208338023 1.11565404432 0.22904448943 0.42024571375
0.50386979676 1.11618761318 0.22890352634 0.420239987702
0.50565590195 1.11671966453 0.228763001036 0.42023448048
0.50744169791 1.11725014696 0.228622825103 0.420229457321
0.50922718548 1.11777949678 0.22848287258 0.420224832101
0.51101236292 1.1183075896 0.228343350955 0.420220889885
0.51279723107 1.11883374121 0.22820414947 0.42021750251
0.51458179334 1.11935900499 0.22806559098 0.420213874168
0.51636604801 1.11995006395 0.227920660904 0.420217287634
0.5181499972 1.12042081952 0.227781423439 0.420192054659
0.51993364046 1.12092516431 0.227650026038 0.42020569267
0.52171698383 1.12144219336 0.227512232966 0.420203610234
0.52350002688 1.12195948131 0.227374438497 0.420202203844
0.52528277044 1.12247463782 0.227236815881 0.420200689737
0.52706521799 1.12298798385 0.227099364802 0.420199472563
0.52884737169 1.12349972687 0.226962132978 0.420198503967
0.53062922979 1.1240098494 0.226825072662 0.420197808104
0.53241079448 1.1245186276 0.226688122045 0.420197240984
0.53419206398 1.12502552969 0.226551126966 0.420196585114
0.5359730405 1.12553171639 0.226414319212 0.420196630374
0.53775372488 1.12603601575 0.226277518459 0.420196630386
0.5395341167 1.12653910134 0.226140964784 0.420196913424
0.54131421814 1.12704092124 0.226004582568 0.420197421234
0.5430940314 1.12754120956 0.225868390133 0.420198165988
0.54487355208 1.12804026359 0.225732384234 0.420199185628
0.54665278502 1.12853763155 0.225596497335 0.420200275207
0.5484317311 1.12903456217 0.225460816807 0.420201635328
0.55021038856 1.12952961785 0.225325419202 0.420203085212
0.55198875961 1.1300232296 0.22519024021 0.420204781964
0.55376684514 1.13051585273 0.225055243841 0.420206454433
0.55554464471 1.13100672896 0.224920518242 0.420208259705
0.55732215653 1.13149685347 0.224786064249 0.420210662786
0.55909938418 1.13198503844 0.224651750982 0.420212949892
0.56087632854 1.13247192429 0.224517515026 0.420215130814
0.5626529865 1.13295753148 0.224383454842 0.42021753366
0.56442935758 1.13344317643 0.224249563047 0.420220230936
0.56620544675 1.13392792648 0.224115845143 0.420223187819
0.56798125084 1.13441077058 0.223982154333 0.420226015361
0.56975677348 1.1348927449 0.223848671553 0.420229079679
0.57153201285 1.13537337714 0.223715402219 0.420232338738
0.5733069685 1.13585340492 0.223582159608 0.420235764127
0.57508164134 1.1363318588 0.223448913496 0.420239044014
0.57685602956 1.1368093818 0.223315766893 0.420242551795
0.57863012997 1.13728556784 0.223182677649 0.420246023614
0.58040394212 1.13776041376 0.223049647985 0.420249475477
0.58217746554 1.1382347564 0.222917097003 0.42025335894
0.58395070387 1.13870765499 0.222784910323 0.420257407062
0.58572365667 1.13917940653 0.222652700197 0.420261435353
0.58749632483 1.13964991708 0.222520678331 0.420265415295
0.58926871067 1.14011924829 0.222388832865 0.42026930757
0.59104081233 1.14058768991 0.22225715307 0.420273385216
0.59281263212 1.14105450182 0.222125680802 0.420277245673
0.59458416819 1.14152026761 0.221994426951 0.420281302839
0.59635542424 1.14198545803 0.221863261237 0.420285414383
0.59812639981 1.14244882127 0.221732368347 0.420289406029
0.59989709582 1.14291090938 0.221601694922 0.420293655586
0.60166751181 1.14337198096 0.221471252468 0.420298016176
0.60343765011 1.14383175174 0.221341000954 0.420302335226
0.60520750887 1.14429084986 0.221210934534 0.420306744891
0.60697709041 1.14474893457 0.221081083096 0.420311233571
0.60874639288 1.14520603207 0.220951423293 0.420315736995
0.61051542003 1.14566285645 0.220821860687 0.420320479549
0.61228416857 1.14611831317 0.220692459438 0.420324972862
0.61405263944 1.14657273063 0.22056330526 0.420329846097
0.6158208336 1.14702620895 0.220434233918 0.42033432533
0.61758875198 1.1474794872 0.220305329839 0.420339165889
0.61935639413 1.14793114267 0.220176520438 0.420343728155
0.62112376383 1.14838196446 0.220047968313 0.420348678996
0.62289085494 1.14883205423 0.219919478099 0.420353465511
0.62465767267 1.14928105861 0.219791178406 0.420358317555
0.62642421657 1.14972959284 0.21966298018 0.420363274499
0.62819048901 1.15017732198 0.2195349316 0.420368303139
0.62995648666 1.1506240169 0.21940705784 0.420373416947
0.63172221193 1.15107006566 0.219279332889 0.420378520567
0.63348766578 1.15151521159 0.219151786286 0.420383596565
0.63525284774 1.15195948695 0.219024305997 0.420388659456
0.63701775734 1.15240300435 0.218897023379 0.420393798589
0.63878239699 1.15284575239 0.218769892985 0.420398919064
0.64054676768 1.15328767439 0.218642924078 0.420404094101
0.64231086892 1.15372890139 0.218516104519 0.420409302159
0.64407470025 1.15416938738 0.218389491949 0.420414496285
0.645838267 1.15460854276 0.218263036297 0.420419537769
0.64760156581 1.15504699785 0.218136711685 0.420424678184
0.64936459765 1.15548459382 0.218010611702 0.420429913192
0.65112736497 1.1559212943 0.217884668279 0.4204351414
0.65288986585 1.15635731031 0.217758838483 0.420440340005
0.65465210127 1.15679258616 0.217633205567 0.420445627104
0.6564140737 1.1572268279 0.217507707315 0.420450837785
0.65817577679 1.15766046509 0.217382405052 0.42045614167
0.65993721594 1.15809321984 0.217257267472 0.420461411016
0.66169839068 1.15852516488 0.217132253544 0.420466703396
0.6634592961 1.15895615889 0.217007388557 0.420471642192
0.66521993914 1.15938681221 0.216882762557 0.420476951011
0.66698031188 1.15981632401 0.21675840412 0.420482690787
0.66874042276 1.16024544994 0.216634038944 0.42048801005
0.67050026833 1.16067317704 0.216509795623 0.420492983551
0.67225985108 1.1611006581 0.216385721438 0.420498262729
0.67401916906 1.16152733683 0.216261710559 0.42050344101
0.67577822176 1.16195293774 0.216137896832 0.420508613908
0.67753701022 1.16237842397 0.216014626413 0.42051358963
0.67929553242 1.16279918171 0.215891356998 0.420516553759
0.68105379091 1.16322952516 0.215768563563 0.4205243767
0.6828117852 1.1636546442 0.215646033408 0.420530008331
0.6845695163 1.16407350501 0.215522967134 0.420532989585
0.68632698221 1.16449254085 0.215398862605 0.420538018236
0.688084187 1.16491445149 0.215276004831 0.420543720494
0.68984113018 1.16533730705 0.215153685076 0.420549781905
0.69159780821 1.16575581373 0.215031367544 0.420553952116
0.69335422823 1.16617391944 0.214909142677 0.420558546533
0.69511038058 1.16659291979 0.214787281663 0.42056370672
0.69686627701 1.1670103816 0.214665548668 0.420568381596
0.69862191089 1.16742701035 0.214544007593 0.420573040906
0.70037728328 1.16784293714 0.214422492097 0.420577098042
0.70213240137 1.16825808593 0.214301192775 0.420581667152
0.70388725541 1.16867346694 0.21418006915 0.420586647022
0.7056418542 1.1690870047 0.214059019752 0.420591147714
0.70739619878 1.16949890508 0.213938081842 0.420595250152
0.70915028091 1.16991169552 0.21381741684 0.420600225171
0.71090410941 1.17032461993 0.213696932578 0.420605652735
0.7126576838 1.17073595841 0.213576480787 0.420610360684
0.71441100202 1.17114581555 0.213456475663 0.4206149194
0.71616406202 1.171560839 0.213338059493 0.42062077622
0.71791686798 1.17196838084 0.213217964514 0.420625362355
0.71966941942 1.17237489394 0.213098030416 0.42062997978
0.72142171584 1.17278041271 0.212978250946 0.420634395402
0.72317375359 1.17318584747 0.212858672951 0.420639141498
0.72492553848 1.17358998429 0.212739191301 0.420643650044
0.72667707158 1.17399320544 0.212619726446 0.420647971876
0.72842835084 1.17439588027 0.212500443544 0.420652427336
0.73017937733 1.17479735689 0.212381288741 0.420656653092
0.73193015054 1.1751987116 0.212262203433 0.420660940641
0.73368067156 1.17559942106 0.212143407339 0.420665611381
0.7354309431 1.17599669191 0.212024460464 0.420668882895
0.73718096465 1.17639838266 0.211905967017 0.420674585534
0.73893073571 1.17679557524 0.211787355392 0.420678508383
0.74068025578 1.17719303324 0.211668992261 0.420682924706
0.74242952598 1.17758892412 0.211550698687 0.420687034743
0.74417854578 1.17798396347 0.211432511845 0.420691100942
0.74592731629 1.17837937035 0.211314525222 0.420695706126
0.7476758354 1.17877546584 0.211196471547 0.420700959232
0.74942410421 1.17916821054 0.211078670298 0.420705032301
0.75117212383 1.17956023613 0.210960935426 0.420709030608
0.75291989376 1.1799519394 0.210843388738 0.420713267925
0.7546674135 1.1803427254 0.210725904045 0.420717356127
0.75641468415 1.18073295228 0.210608561631 0.420721521957
0.75816170521 1.18112229016 0.210491325868 0.42072556204
0.75990847781 1.18151079042 0.210374222238 0.420729635972
0.76165500308 1.18189848852 0.210257246086 0.420733676974
0.76340127886 1.18228528775 0.210140367899 0.420737644671
0.76514730627 1.18267163301 0.210023674687 0.420741727063
0.7668930848 1.18305718548 0.209907006919 0.420745658083
0.76863861559 1.18344187697 0.209790484485 0.420749609212
0.77038389978 1.18382565737 0.209674072558 0.420753473329
0.77212893854 1.18420893777 0.209557792629 0.420757437769
0.77387373132 1.18459133867 0.209441621922 0.420761290225
0.77561827763 1.18497298795 0.209325557244 0.42076511927
0.77736257692 1.18535383854 0.209209627604 0.420768915954
0.77910663374 1.18573392567 0.209093808474 0.420772654792
0.78085044587 1.18611309114 0.208978134719 0.420776317885
0.7825940111 1.1864916859 0.208862616485 0.420780028615
0.78433733396 1.18686941784 0.208747274574 0.420783719078
0.78608041395 1.18724654155 0.208632061652 0.420787400155
0.78782325224 1.18762287546 0.208516969954 0.420791054413
0.78956585172 1.1879984148 0.208402077812 0.420794676433
0.79130821017 1.18837282345 0.208287633863 0.420798102746
0.79305032533 1.18874743517 0.208173552096 0.420801393116
0.7947921984 1.18912124599 0.208058900486 0.420805010933
0.79653382884 1.18949399415 0.207944683602 0.420808724097
0.7982752213 1.18986817587 0.207830542589 0.420812656613
0.80001637525 1.19023732665 0.20771647309 0.420815999248
0.80175728497 1.19060875022 0.207602540563 0.420819839582
0.80349795338 1.19097919876 0.207488682099 0.420823390311
0.80523838169 1.19134887809 0.207374959003 0.420826969061
0.80697856937 1.19171852201 0.207261333003 0.420830618323
0.80871851414 1.19208399477 0.207147538227 0.42083217235
0.81045821545 1.19245131535 0.207034036523 0.420835627774
0.81219767801 1.19282086363 0.206920813327 0.420840622912
0.81393690481 1.19318805707 0.206807627589 0.420844446066
0.81567589003 1.19355479385 0.206694484089 0.420848118596
0.81741463665 1.19392087225 0.206581401894 0.420851707019
0.81915315121 1.19428651601 0.206468428559 0.420855393084
0.8208914261 1.19465105692 0.206355514982 0.420858800535
0.82262946608 1.19501522939 0.206242788167 0.420862648478
0.82436727599 1.19537822338 0.206130049023 0.420866065839
0.82610484456 1.19574107719 0.20601747527 0.420869775722
0.82784218018 1.19610184263 0.205904944051 0.420872476852
0.82957928234 1.19646614267 0.205792767236 0.420877343794
0.83131614508 1.19682504297 0.205680433543 0.420879769031
0.83305277867 1.1971871589 0.205568394785 0.420884189521
0.83478917534 1.1975486593 0.205455946061 0.420888853694
0.83652533998 1.19790726966 0.205344243293 0.420892251222
0.83826127204 1.19826600214 0.205232569328 0.420895822123
0.83999696915 1.19862454957 0.205121016396 0.420899308644
0.84173243807 1.19898175244 0.205009587908 0.420902714969
0.84346767092 1.19933858811 0.204898219535 0.420906038193
0.84520267817 1.19969538413 0.204787211055 0.42090976894
0.84693744271 1.20005116633 0.204676214872 0.42091327284
0.84867198609 1.20040637133 0.204565353319 0.420916799435
0.85040628931 1.20076111982 0.204454672449 0.420920572444
0.85214037029 1.20111501339 0.20434404131 0.420923978181
0.85387421182 1.20146819949 0.204233538115 0.420927436187
0.85560783376 1.20182119644 0.204123187236 0.420931054161
0.85734122253 1.20217299672 0.204013048086 0.42093457428
0.85907438878 1.20252496556 0.203902989295 0.420938322224
0.8608073301 1.20287630561 0.20379307001 0.420941884316
0.86254004218 1.20322682747 0.203683265461 0.420945430064
0.86427253387 1.20357667282 0.203573642113 0.420949073584
0.86600478951 1.20392644772 0.203464058279 0.420952693124
0.86773682179 1.20427527335 0.203354601949 0.420956126005
0.86946862825 1.20462365975 0.203245325123 0.420959715698
0.87120020452 1.20497081081 0.203136186034 0.420963053073
0.87293155956 1.20531780455 0.203027239761 0.420966785181
0.8746626871 1.20566453285 0.202918399774 0.420970510872
0.87639359038 1.20601054031 0.202809649802 0.420974138724
0.87812427461 1.20635591772 0.202701023987 0.420977511095
0.87985473153 1.20670091001 0.202592617237 0.420981085651
0.88158496443 1.20704529106 0.202484294605 0.420984625984
0.88331497855 1.20738906549 0.202376123197 0.420987927496
0.88504476945 1.20773208567 0.202268107877 0.420991318476
0.88677433266 1.20807507021 0.20216023944 0.420994951442
0.88850368126 1.20841751242 0.202052511936 0.420998506971
0.89023281079 1.20875959602 0.201944902517 0.421002035615
0.89196171872 1.20910127728 0.201837506886 0.42100567885
0.89369040448 1.20944238835 0.201730178658 0.421009252603
0.89541887535 1.20978300199 0.201623003597 0.421012795286
0.89714712883 1.2101233591 0.201515994255 0.421016423305
0.8988751683 1.2104630447 0.201409122483 0.421019904455
0.90060298725 1.21080248574 0.201302442781 0.42102355576
0.90233058508 1.21114130065 0.20119577566 0.421027241208
0.9040579672 1.21147964929 0.201089217515 0.421030791276
0.90578513305 1.21181782529 0.200982806099 0.421034570436
0.90751208406 1.21215541786 0.20087653684 0.421038249044
0.90923881967 1.21249250272 0.200770406046 0.421041918318
0.91096534132 1.21282902429 0.200664428383 0.42104559153
0.91269164235 1.2131653039 0.200558643235 0.421049379895
0.91441773028 1.21350079991 0.200452945992 0.421053047143
0.91614360455 1.21383590198 0.20034744415 0.4210568292
0.9178692666 1.21417072703 0.200242024495 0.421060504392
0.91959471587 1.21450499912 0.200136831541 0.421064185871
0.92131995178 1.21483858813 0.200031866978 0.421067828659
0.92304497787 1.21517167976 0.199927036471 0.421071440447
0.92476979149 1.21550411427 0.199822444118 0.421075034567
0.92649439413 1.2158361731 0.19971801042 0.421078581872
0.9282187852 1.21616771566 0.199613749329 0.421082122042
0.92994296828 1.21649877431 0.19950963012 0.421085650562
0.93166694278 1.21682932189 0.199405729321 0.421089166038
0.93339070814 1.21715949477 0.199302021457 0.421092712363
0.93511426585 1.21748930311 0.199198485611 0.421096137362
0.93683761744 1.21781833587 0.199095117104 0.42109950738
0.93856076232 1.21814708695 0.198991969706 0.421103109275
0.94028369991 1.21847499427 0.198889014588 0.421106785887
0.94200643387 1.21880276199 0.198786181685 0.421110501514
0.94372896361 1.21912997727 0.198683482247 0.421114160211
0.94545128856 1.21945687621 0.198580983388 0.421118208846
0.94717340812 1.21978281578 0.198478725794 0.421122174583
0.94889532172 1.22010910568 0.198376520513 0.421126310961
0.95061703306 1.22043401888 0.198274386451 0.421129990668
0.95233853724 1.22075961512 0.198172435464 0.421134095444
0.95405983796 1.22108418628 0.198070642902 0.421138090885
0.95578093681 1.22140852359 0.197968984507 0.421142131293
0.95750183537 1.22173273322 0.197867377401 0.421146071492
0.95922253525 1.22205656745 0.197766062333 0.421150355591
0.96094303587 1.22237941787 0.197664794115 0.421154172963
0.96266333665 1.22270171132 0.197563588274 0.421157841035
0.96438343036 1.22302369743 0.197462734703 0.42116219859
0.96610332963 1.22334522859 0.197362058382 0.421166485621
0.96782303389 1.22366651813 0.197261465752 0.421170815491
0.96954254258 1.22398743853 0.197161064449 0.421175236034
0.97126184842 1.22430751918 0.197060725689 0.421179481004
0.97298095747 1.22462717524 0.196960596354 0.421183846737
0.97469987363 1.22494628479 0.196860603846 0.421188238094
0.97641860084 1.22526491961 0.196760762489 0.421192649256
0.97813712496 1.22558275912 0.196661016935 0.421197080834
0.97985545894 1.22590033672 0.196561440617 0.421201540506
0.98157360675 1.22621726022 0.196462075203 0.421206115354
0.98329155871 1.22653355341 0.196362811366 0.421210564162
0.98500931877 1.2268496426 0.196263724324 0.421215090852
0.98672690009 1.2271651732 0.196164844793 0.421219700707
0.98844428372 1.22747994294 0.196066102507 0.421224460066
0.99016148285 1.22779423564 0.195967545281 0.421229191676
0.99187850388 1.22810816095 0.195869147082 0.421233902476
0.99359532535 1.22842153714 0.195770887006 0.421238575568
0.99531197453 1.22873465805 0.195672827219 0.421243392988
0.99702843223 1.22904703205 0.195574823578 0.421248044639
0.99874471186 1.22935868323 0.195476995354 0.421252637955
1.0004608105 1.2296705943 0.195379412691 0.42125770942
1.0021767253 1.22998102178 0.195281906797 0.421262300266
1.0038924626 1.23029206639 0.195184595719 0.421267290775
1.0056080124 1.23060185202 0.195087449033 0.421272187692
1.0073233932 1.23091120001 0.194990436344 0.421277073677
1.0090385877 1.2312197768 0.194893568221 0.421281752711
1.010753612 1.23152786717 0.194796846686 0.421286441894
1.012468456 1.2318360528 0.194700305156 0.421291297054
1.0141831263 1.23214374422 0.194604029792 0.421296635083
1.0158976247 1.23245089075 0.194507878422 0.421301750728
1.017611941 1.23275689967 0.194411764991 0.421306327431
1.0193261013 1.23306318561 0.194315942964 0.421311593038
1.021040071 1.23336883696 0.19422021301 0.42131660222
1.0227538811 1.2336734932 0.194124715096 0.421321593982
1.0244675215 1.23397825331 0.194029367983 0.421326733241
1.026180984 1.23428244704 0.193934221873 0.421331949535
1.0278942903 1.23458594286 0.193839119362 0.421336747134
1.0296074226 1.23488922407 0.193744287043 0.421341916294
1.0313203852 1.23519174928 0.193649588206 0.421347039497
1.0330331926 1.23549391134 0.193555080086 0.421352309736
1.0347458341 1.23579557953 0.193460639619 0.42135741575
1.0364583042 1.23609531046 0.193366787381 0.421363207334
1.0381706198 1.23639815316 0.193272535048 0.42136761456
1.0398827832 1.23670079927 0.193179457098 0.421376313425
1.0415947758 1.23699616628 0.193085279319 0.421377178257
1.0433066073 1.23729524715 0.192992383914 0.42138493421
1.0450182874 1.2375941711 0.19289880384 0.421388143204
1.0467298156 1.23789420209 0.192805911039 0.421394879804
1.0484411938 1.23818993144 0.192713028393 0.421399117517
1.0501524008 1.23848662683 0.192620879024 0.421406913964
1.0518634594 1.23878728317 0.19252873313 0.42141440865
1.0535743665 1.23908207921 0.192436261504 0.421419011233
1.0552851266 1.23937393873 0.192343952494 0.421421556703
1.0569957368 1.23967006639 0.192252665897 0.421430495539
1.0587062017 1.23996430966 0.192161266648 0.421437696706
1.0604165128 1.24025625311 0.192069270164 0.421439483277
1.0621266695 1.24054939597 0.191978626847 0.421448418086
1.0638366819 1.24084298428 0.191887308874 0.421452464693
1.0655465522 1.24113406925 0.19179633184 0.421456896404
1.0672562798 1.24142728074 0.191706090374 0.421465910043
1.0689658643 1.24171723229 0.19161587999 0.421472342432
1.0706753077 1.24200871029 0.191526021649 0.421481525911
1.0723846095 1.24229583943 0.191435467776 0.421484095783
1.074093772 1.24258445392 0.191345124464 0.421487966046
1.0758027973 1.24287333727 0.19125594972 0.421495951018
1.0775116849 1.24316255363 0.191166207098 0.421501234824
1.0792204342 1.2434492469 0.191076715333 0.421505455268
1.0809290476 1.24373892766 0.190988159103 0.421514248136
1.0826375245 1.24402489094 0.190899210758 0.421519320376
1.0843458642 1.24431338835 0.190811508775 0.421531696336
1.0860540692 1.24459748435 0.19072225807 0.421532652844
1.0877621389 1.24488553662 0.190634229999 0.421540508734
1.0894700755 1.24516681652 0.190545927109 0.421542221546
1.0911778814 1.24545602622 0.190458598648 0.421553557402
1.0928855561 1.24573485572 0.190370622811 0.421554822404
1.0945931019 1.24601988707 0.19028419899 0.421566900754
1.0963005097 1.24630674921 0.190196743859 0.42157297386
1.0980077817 1.24658674188 0.190110059097 0.421578441054
1.0997149289 1.24686799965 0.190023551561 0.421585377468
1.1014219508 1.24715155045 0.189936958612 0.421591997731
1.103128847 1.2474325604 0.189850778333 0.42159868773
1.1048356199 1.24771141833 0.189764872969 0.42160417911
1.1065422719 1.24799365828 0.18967905934 0.421612816015
1.1082488027 1.2482700045 0.189593572065 0.421617907514
1.1099551848 1.2485512869 0.189508235638 0.42162593635
1.1116614473 1.2488270149 0.189423425805 0.421631953927
1.1133675898 1.24910639481 0.189338484109 0.421638933978
1.115073618 1.24938135753 0.18925382558 0.421645250169
1.1167795312 1.24965646191 0.189169435998 0.421650341688
1.118485311 1.24993502253 0.189085618573 0.421660988608
1.1201909594 1.2502064617 0.189000899837 0.421661361907
1.1218965006 1.25048547667 0.188917788342 0.421673539355
1.123601934 1.25076032279 0.188834535796 0.421681540548
1.1253072533 1.25103134933 0.188751249277 0.421687106795
1.1270124266 1.2513029153 0.188668320691 0.42169435664
1.1287174938 1.25157620904 0.188585473559 0.421701391162
1.1304224576 1.25184721169 0.188503200691 0.421708873097
1.1321273084 1.25211802006 0.188420827638 0.421716186506
1.1338320105 1.25238604036 0.188338323074 0.421719543745
1.135536611 1.25266638666 0.188257342568 0.421734897613
1.1372411127 1.25292697258 0.188175411309 0.421737679105
1.1389454863 1.25319746932 0.188094518481 0.421747205725
1.1406497311 1.2534617683 0.18801344411 0.421752317295
1.1423538789 1.25372780264 0.187932830244 0.421759830216
1.1440579294 1.25399382792 0.187852423534 0.421767078625
1.14576182 1.25425886467 0.187772382163 0.421774370161
1.1474656219 1.25452334817 0.187692630096 0.421781695649
1.1491693384 1.25478650779 0.187613385436 0.421788819196
1.150872896 1.25505146787 0.187533752819 0.421795828835
1.1525763604 1.25531240716 0.187454990347 0.421803275016
1.1542797447 1.2555730619 0.18737666397 0.421810703671
1.155982968 1.25583501314 0.187298038346 0.421818149494
1.1576861067 1.25609578925 0.187219995956 0.42182541607
1.1593891609 1.25635468741 0.187142213674 0.421832973044
1.1610920516 1.2566148592 0.187064486922 0.421840011719
1.1627948702 1.25687283397 0.186987444693 0.421847611974
1.1644975825 1.25713050761 0.186910309681 0.421855039844
1.1662001597 1.25738725389 0.186833561462 0.421862513174
1.1679026676 1.25764439085 0.186757015072 0.421869649261
1.1696050324 1.25790005612 0.186680813581 0.421877331485
1.1713073058 1.25815534684 0.18660485922 0.421884683985
1.1730094948 1.25841090321 0.186529074141 0.421892008431
1.1747115313 1.25866515312 0.186453739511 0.421899450218
1.1764135143 1.25891817213 0.186378616807 0.421907210699
1.1781153471 1.2591688263 0.186304031876 0.421915261691
1.1798170969 1.25942248529 0.186229255944 0.421922727333
1.1815187492 1.25967254266 0.186155285668 0.421930793256
1.1832202705 1.25992247306 0.186081164926 0.421938148191
1.1849217407 1.26017145623 0.186007237225 0.421944948085
1.1866230308 1.26042189943 0.185934201226 0.421955888802
1.1883242802 1.26067150355 0.185860669408 0.421961434651
1.1900253812 1.26091851927 0.185787795426 0.421970474308
1.191726411 1.26116474866 0.185715032461 0.421977142013
1.1934273246 1.26141044788 0.185642520496 0.421984035289
1.1951281361 1.26165662788 0.185570463401 0.421992926701
1.1968288605 1.26190179758 0.185498664678 0.422001004545
1.198529455 1.26214614793 0.185427032551 0.422008787298
1.2002299883 1.26238873097 0.185355547691 0.422015936789
1.2019303748 1.26263346333 0.185284441451 0.422024115612
1.203630715 1.26287390128 0.185213472548 0.422031414613
1.2053308911 1.26311622728 0.18514284831 0.422039192757
1.2070310359 1.26335755093 0.185072412517 0.422047244552
1.2087310071 1.26359763564 0.185002336719 0.422055738538
1.2104309545 1.26383732539 0.184932285168 0.422062283984
1.2121307222 1.26407438229 0.184862435775 0.422069349603
1.2138304699 1.26431360869 0.184792832052 0.422076708598
1.2155300439 1.26454988417 0.184723815758 0.42208606413
1.2172295896 1.26478489823 0.184654331135 0.422090518574
1.2189289717 1.26502122704 0.184585476616 0.422098331163
1.2206283128 1.26525572704 0.184516942389 0.422105314783
1.2223275132 1.26548878311 0.184448511485 0.422112584591
1.2240266472 1.26572399516 0.184380381382 0.422119836374
1.225725668 1.26595438537 0.184312305649 0.42212618591
1.2274245922 1.26618672184 0.184244630305 0.422133807486
1.2291234442 1.26641751599 0.184177292142 0.422141864709
1.2308221558 1.26664794857 0.184109851768 0.422147941807
1.2325208416 1.26687859934 0.184042731515 0.422153937067
1.2342193376 1.26710722979 0.183975548216 0.422159216458
1.2359178337 1.26733422951 0.183909161808 0.422166590872
1.2376161504 1.2675610077 0.183842658324 0.422172866138
1.2393144277 1.26778633014 0.183776677318 0.422177811344
1.2410125941 1.26801418584 0.18370994019 0.422183761662
1.2427106495 1.2682379664 0.183644334598 0.422190727432
1.2444086778 1.26846294894 0.183578334266 0.422195136717
1.2461065078 1.26868581416 0.183512854101 0.422200814851
1.2478043377 1.26890889637 0.183447939904 0.422208846171
1.2495020165 1.26912705345 0.183382843428 0.422212816009
1.2511996173 1.26934867493 0.183317738467 0.422217023993
1.2528971809 1.26957075828 0.18325329483 0.422223391432
1.2545945488 1.26978708905 0.183188614083 0.422227011243
1.2562919167 1.27000642612 0.183124404844 0.422232131568
1.2579891424 1.27022391707 0.183060496784 0.422237170495
1.2596862732 1.27043950219 0.182996600003 0.422241226537
1.2613834041 1.27065686345 0.182933193664 0.422246623019
1.2630802983 1.27087049404 0.182869754463 0.422250888842
1.2647771878 1.27108513326 0.182806582391 0.4222545473
1.2664740083 1.27129892042 0.182743759555 0.422259233258
1.2681706516 1.27151052369 0.182680893173 0.422262293567
1.269867295 1.27172195146 0.182618435115 0.422266379259
1.2715638078 1.271932869 0.182556162779 0.422270005636
1.2732602002 1.27214381613 0.182494261629 0.422274488273
1.2749565925 1.27235148312 0.182432399937 0.422277970908
1.2766528105 1.27255822109 0.18236983611 0.422275737631
1.2783489465 1.27276714198 0.182309351474 0.422284368782
1.2800450825 1.27297076713 0.182247765725 0.42228558542
1.2817410246 1.27317919302 0.182187349719 0.422290534698
1.2834368986 1.27338301242 0.182125525598 0.422287631425
1.2851327725 1.27358961757 0.182065902981 0.422295567157
1.2868284533 1.27379299287 0.182005313069 0.422295609033
1.288524059 1.27399548129 0.181945232349 0.422298019058
1.2902196647 1.27419707971 0.18188535793 0.422300282762
1.2919151054 1.27439609534 0.181826042133 0.422305356351
1.2936104361 1.27459612659 0.181766625633 0.422307398642
1.2953057668 1.27479538323 0.181707416534 0.42230932039
1.2970009847 1.27499483883 0.181648646648 0.422311330556
1.2986960333 1.27519244003 0.181589921018 0.422313041124
1.3003910818 1.27538934637 0.181531410873 0.422314695377
1.3020861072 1.27558654465 0.181473256045 0.422316527403
1.3037808656 1.27578099815 0.181415105871 0.42231776998
1.3054756241 1.27597479995 0.181357120993 0.422319222319
1.3071703825 1.27616878691 0.181299520227 0.42232055614
1.3088649438 1.27636179773 0.181242184837 0.422321782901
1.3105594036 1.27655426 0.181185054754 0.422322962094
1.3122538633 1.27674599861 0.181128178068 0.422324180818
1.3139482922 1.27693846622 0.181071774555 0.422325399143
1.3156424436 1.2771279987 0.181014888106 0.422323027864
1.317336595 1.27731465192 0.180958289838 0.422321383068
1.3190307464 1.27750534224 0.180903125289 0.422328057772
1.3207247766 1.27769340823 0.180847461232 0.422328844007
1.322418609 1.27788255236 0.180791793633 0.422327818419
1.3241124414 1.27806731053 0.180736893203 0.422328651737
1.3258062738 1.27825151986 0.180681646767 0.422329463285
1.3274999408 1.27843887733 0.180627252122 0.422331173075
1.3291934423 1.27862561069 0.180572762475 0.422331181129
1.3308869437 1.27881017364 0.180518543488 0.422331984363
1.3325804452 1.27899268794 0.180464432962 0.422331790619
1.3342738088 1.27917209986 0.180410534297 0.422329344034
1.3359669656 1.27935594103 0.180357422106 0.422332851242
1.3376601225 1.27953703625 0.180304271068 0.422333270926
1.3393532793 1.27971784151 0.180251376422 0.42233399832
1.3410464073 1.27990008516 0.180199207356 0.422336011417
1.3427392038 1.28007659979 0.180146664852 0.422334559635
1.3444320003 1.28025526581 0.180095086806 0.422334706567
1.3461247969 1.28043386706 0.180044707986 0.422334516073
1.3478175934 1.28061257427 0.179994748569 0.422334201794
1.3495102081 1.28079057962 0.179943831142 0.422333938568
1.3512026259 1.28096752278 0.179893703061 0.422334317796
1.3528950437 1.28114206137 0.179842542477 0.42233454595
1.3545874616 1.28131431767 0.179791398852 0.422335134532
1.3562798794 1.28148741006 0.179740554667 0.422335268147
1.3579720808 1.28165963378 0.179690256157 0.422335543447
1.359664098 1.28183140288 0.179640205042 0.422335943006
1.3613561151 1.28200251179 0.179590411097 0.422336344209
1.3630481323 1.28217254082 0.179540838048 0.4223370094
1.3647401494 1.28234175592 0.179491651641 0.422337019649
1.366432081 1.28251192315 0.179442492405 0.422337092517
1.3681236707 1.28267940262 0.179393811653 0.422336947194
1.3698152603 1.28284871755 0.179345176138 0.422337842589
1.37150685 1.28301524612 0.17929697539 0.422338697575
1.3731984397 1.28318251505 0.179249128147 0.422339600769
1.3748900293 1.28334684552 0.179201403653 0.422339541944
1.3765814437 1.28351326563 0.179153842325 0.422340134205
1.3782725722 1.28367731172 0.179106555802 0.422340581191
1.3799637007 1.28384220176 0.179059725418 0.422341248512
1.3816548291 1.28400508309 0.179012898201 0.422341600405
1.3833459576 1.2841678108 0.178966378884 0.422341562638
1.3850370861 1.284328583 0.178919857457 0.422342075396
1.3867282146 1.28449016119 0.17887386198 0.422343089577
1.3884188581 1.28465071494 0.178828231212 0.422343343834
1.3901094815 1.28481205575 0.178782823841 0.422343989245
1.3918001049 1.28497033649 0.178737824759 0.422343240844
1.3934907282 1.28513098501 0.178692568498 0.422345004076
1.3951813516 1.28528884505 0.178647809961 0.422345392266
1.396871975 1.28544668576 0.178603340046 0.422345438364
1.3985625983 1.28560402941 0.178559154378 0.422346020895
1.4002527918 1.28576154642 0.178515070416 0.422347184177
1.4019428496 1.28591804382 0.178471287303 0.422347856084
1.4036329073 1.28607395984 0.178427772024 0.422348582087
1.405322965 1.28622814353 0.178384690811 0.422348513651
1.4070130228 1.28638344363 0.178341519436 0.422349828304
1.4087030805 1.28653778024 0.1782986942 0.422350654739
1.4103931383 1.28669102063 0.178256337665 0.422351178308
1.412083196 1.28684401641 0.17821397287 0.42235199135
1.4137729909 1.286996869 0.178172018706 0.422353149504
1.4154623916 1.28714802973 0.178130324975 0.422353639737
1.4171517922 1.28730032019 0.178088792168 0.422355270412
1.4188411929 1.28745043167 0.178047515866 0.422356072015
1.4205305935 1.28760002161 0.17800659874 0.422356751623
1.4222199942 1.28775042497 0.177965571909 0.422358161684
1.4239093948 1.28789922678 0.177925010266 0.422358969281
1.4255987955 1.28804744374 0.177884651475 0.422360220893
1.4272881961 1.28819647617 0.177844532067 0.422361887689
1.4289775968 1.28834361971 0.177804677999 0.422362996531
1.4306666553 1.28849121265 0.17776504004 0.422364633532
1.4323552414 1.2886371209 0.177725662551 0.422365555466
1.4340438275 1.28878243795 0.177686460536 0.422366972578
1.4357324136 1.28892823555 0.177647481609 0.422368783802
1.4374209996 1.289072811 0.177608818855 0.422369809634
1.4391095857 1.28921795954 0.177570077145 0.42237187398
1.4407981718 1.2893607628 0.177531989204 0.422373687016
1.4424867579 1.28950436858 0.177493660924 0.422374907172
1.444175344 1.28964759162 0.177455801217 0.422376652453
1.4458639301 1.28979024192 0.177417998057 0.422378135692
1.4475525162 1.2899315702 0.177380758022 0.422380008854
1.4492411022 1.29007312533 0.177343567106 0.422381550869
1.4509296883 1.29021392589 0.177306750724 0.422384038358
1.4526175679 1.29035430977 0.177270013935 0.422385790214
1.4543049764 1.29049389686 0.177233365497 0.422387244696
1.455992385 1.29063397041 0.177197080807 0.422389723526
1.4576797936 1.29077183588 0.177161123995 0.422391855361
1.4593672021 1.2909108269 0.177125016094 0.422393694965
1.4610546107 1.29104840339 0.177089342794 0.422395642834
1.4627420192 1.29118570077 0.177053898277 0.422397549796
1.4644294278 1.29132279454 0.177018649082 0.422399907568
1.4661168363 1.29145916095 0.176983702294 0.422401980277
1.4678042449 1.29159567764 0.176948935892 0.422404538817
1.4694916534 1.29173129205 0.176914401667 0.422406931842
1.471179062 1.29186575455 0.176880049478 0.422409086876
1.4728664705 1.29200095438 0.176845930934 0.422411757077
1.4745538791 1.29213447914 0.176812093049 0.422414080645
1.4762412876 1.29226823057 0.176778260249 0.422416580996
1.4779286962 1.29240099224 0.176744787232 0.422418877973
1.4796161047 1.29253325984 0.17671160564 0.422421633346
1.4813035133 1.29266448152 0.176678503711 0.422424335629
1.4829909218 1.29279622599 0.176645361054 0.422426356452
1.4846783304 1.29292744463 0.176612604728 0.422429046411
1.4863624997 1.29305652113 0.176580264386 0.422431028595
1.4880461417 1.29318631362 0.176548037735 0.422433933363
1.4897297837 1.29331469784 0.176516163367 0.42243658923
1.4914134257 1.29344400764 0.176484015608 0.422439256095
1.4930970677 1.29357202964 0.176452171908 0.42244187035
1.4947807098 1.29369976066 0.176420505412 0.422445409298
1.4964643518 1.29382987393 0.176387951844 0.422448288433
1.4981479938 1.29395871589 0.176356317043 0.422452195644
1.4998316358 1.29408850257 0.176324612338 0.422455709782
