# Forces         
# CofR           : (0.0000000000e+00 0.0000000000e+00 0.0000000000e+00)
# Time           forces(pressure viscous porous) moment(pressure viscous porous)
2.0081185242e-01	((4.8770191160e+00 2.9356085232e+01 6.8764534776e-19) (1.6354223254e-01 -2.5641999488e-02 8.1220837746e-22) (0.0000000000e+00 0.0000000000e+00 0.0000000000e+00)) ((-1.4678042616e+00 2.4385095580e-01 9.3451736836e+00) (1.2820999744e-03 8.1771116272e-03 -5.4943635237e-02) (0.0000000000e+00 0.0000000000e+00 0.0000000000e+00))
2.0284106984e-01	((4.8769282420e+00 2.9359937462e+01 6.8786428234e-19) (1.6355469593e-01 -2.5644067304e-02 8.1219662159e-22) (0.0000000000e+00 0.0000000000e+00 0.0000000000e+00)) ((-1.4679968731e+00 2.4384641210e-01 9.3461654743e+00) (1.2822033652e-03 8.1777347967e-03 -5.4948037886e-02) (0.0000000000e+00 0.0000000000e+00 0.0000000000e+00))
2.0487028726e-01	((4.8768748306e+00 2.9363824756e+01 6.8804759070e-19) (1.6356693434e-01 -2.5646038671e-02 8.1221392141e-22) (0.0000000000e+00 0.0000000000e+00 0.0000000000e+00)) ((-1.4681912378e+00 2.4384374153e-01 9.3471933802e+00) (1.2823019336e-03 8.1783467168e-03 -5.4952347319e-02) (0.0000000000e+00 0.0000000000e+00 0.0000000000e+00))
2.0689936370e-01	((4.8767216224e+00 2.9367524981e+01 6.8824961315e-19) (1.6357900356e-01 -2.5647972993e-02 8.1193311558e-22) (0.0000000000e+00 0.0000000000e+00 0.0000000000e+00)) ((-1.4683762491e+00 2.4383608112e-01 9.3481104287e+00) (1.2823986496e-03 8.1789501779e-03 -5.4956603596e-02) (0.0000000000e+00 0.0000000000e+00 0.0000000000e+00))
2.0892770001e-01	((4.8765908118e+00 2.9371251767e+01 6.8843383737e-19) (1.6359080890e-01 -2.5649804003e-02 8.1195068751e-22) (0.0000000000e+00 0.0000000000e+00 0.0000000000e+00)) ((-1.4685625884e+00 2.4382954059e-01 9.3490497101e+00) (1.2824902002e-03 8.1795404450e-03 -5.4960758090e-02) (0.0000000000e+00 0.0000000000e+00 0.0000000000e+00))
2.1095603631e-01	((4.8764571239e+00 2.9374930199e+01 6.8862177701e-19) (1.6360239285e-01 -2.5651523601e-02 8.1196515572e-22) (0.0000000000e+00 0.0000000000e+00 0.0000000000e+00)) ((-1.4687465099e+00 2.4382285619e-01 9.3499775261e+00) (1.2825761801e-03 8.1801196425e-03 -5.4964812993e-02) (0.0000000000e+00 0.0000000000e+00 0.0000000000e+00))
2.1298437261e-01	((4.8763095619e+00 2.9378548793e+01 6.8882837992e-19) (1.6361377737e-01 -2.5653164494e-02 8.1194024016e-22) (0.0000000000e+00 0.0000000000e+00 0.0000000000e+00)) ((-1.4689274396e+00 2.4381547809e-01 9.3508763794e+00) (1.2826582247e-03 8.1806888683e-03 -5.4968788831e-02) (0.0000000000e+00 0.0000000000e+00 0.0000000000e+00))
2.1501191200e-01	((4.8761474509e+00 2.9382144897e+01 6.8900638457e-19) (1.6362501900e-01 -2.5654806495e-02 8.1165911723e-22) (0.0000000000e+00 0.0000000000e+00 0.0000000000e+00)) ((-1.4691072449e+00 2.4380737255e-01 9.3517643373e+00) (1.2827403247e-03 8.1812509502e-03 -5.4972735730e-02) (0.0000000000e+00 0.0000000000e+00 0.0000000000e+00))
2.1703929960e-01	((4.8759754717e+00 2.9385680760e+01 6.8919447542e-19) (1.6363599017e-01 -2.5656290057e-02 8.1166536215e-22) (0.0000000000e+00 0.0000000000e+00 0.0000000000e+00)) ((-1.4692840380e+00 2.4379877358e-01 9.3526334798e+00) (1.2828145029e-03 8.1817995084e-03 -5.4976555469e-02) (0.0000000000e+00 0.0000000000e+00 0.0000000000e+00))
2.1906668719e-01	((4.8757827908e+00 2.9389133907e+01 6.8940945105e-19) (1.6364673570e-01 -2.5657704996e-02 8.1162288629e-22) (0.0000000000e+00 0.0000000000e+00 0.0000000000e+00)) ((-1.4694566953e+00 2.4378913954e-01 9.3534640237e+00) (1.2828852498e-03 8.1823367851e-03 -5.4980298541e-02) (0.0000000000e+00 0.0000000000e+00 0.0000000000e+00))
2.2109388822e-01	((4.8755809261e+00 2.9392573656e+01 6.8958734735e-19) (1.6365727350e-01 -2.5659103445e-02 8.1130333980e-22) (0.0000000000e+00 0.0000000000e+00 0.0000000000e+00)) ((-1.4696286828e+00 2.4377904631e-01 9.3542888412e+00) (1.2829551722e-03 8.1828636748e-03 -5.4983997059e-02) (0.0000000000e+00 0.0000000000e+00 0.0000000000e+00))
2.2312023932e-01	((4.8753640917e+00 2.9395949973e+01 6.8974488610e-19) (1.6366747057e-01 -2.5660369968e-02 8.1133539585e-22) (0.0000000000e+00 0.0000000000e+00 0.0000000000e+00)) ((-1.4697974986e+00 2.4376820458e-01 9.3550920729e+00) (1.2830184984e-03 8.1833735284e-03 -5.4987577294e-02) (0.0000000000e+00 0.0000000000e+00 0.0000000000e+00))
2.2514659041e-01	((4.8751410862e+00 2.9399094543e+01 6.9000405638e-19) (1.6367740319e-01 -2.5661490292e-02 8.1122043073e-22) (0.0000000000e+00 0.0000000000e+00 0.0000000000e+00)) ((-1.4699547271e+00 2.4375705431e-01 9.3558382654e+00) (1.2830745146e-03 8.1838701594e-03 -5.4991039339e-02) (0.0000000000e+00 0.0000000000e+00 0.0000000000e+00))
2.2717294151e-01	((4.8748923409e+00 2.9402383910e+01 6.9016572456e-19) (1.6368709245e-01 -2.5662503185e-02 8.1123582536e-22) (0.0000000000e+00 0.0000000000e+00 0.0000000000e+00)) ((-1.4701191955e+00 2.4374461704e-01 9.3565993633e+00) (1.2831251592e-03 8.1843546224e-03 -5.4994404745e-02) (0.0000000000e+00 0.0000000000e+00 0.0000000000e+00))
2.2919922318e-01	((4.8746755480e+00 2.9405671424e+01 6.9032858955e-19) (1.6369660753e-01 -2.5663447916e-02 8.1086707361e-22) (0.0000000000e+00 0.0000000000e+00 0.0000000000e+00)) ((-1.4702835712e+00 2.4373377740e-01 9.3573758146e+00) (1.2831723958e-03 8.1848303765e-03 -5.4997699169e-02) (0.0000000000e+00 0.0000000000e+00 0.0000000000e+00))
2.3122441702e-01	((4.8744085052e+00 2.9408840216e+01 6.9050101894e-19) (1.6370590848e-01 -2.5664336977e-02 8.1086885531e-22) (0.0000000000e+00 0.0000000000e+00 0.0000000000e+00)) ((-1.4704420108e+00 2.4372042526e-01 9.3580970244e+00) (1.2832168488e-03 8.1852954242e-03 -5.5000924640e-02) (0.0000000000e+00 0.0000000000e+00 0.0000000000e+00))
2.3324961087e-01	((4.8741767021e+00 2.9412014931e+01 6.9067123768e-19) (1.6371497711e-01 -2.5665067091e-02 8.1085070096e-22) (0.0000000000e+00 0.0000000000e+00 0.0000000000e+00)) ((-1.4706007466e+00 2.4370883511e-01 9.3588368045e+00) (1.2832533546e-03 8.1857488556e-03 -5.5004025915e-02) (0.0000000000e+00 0.0000000000e+00 0.0000000000e+00))
2.3527480471e-01	((4.8739264966e+00 2.9415162535e+01 6.9084231211e-19) (1.6372385616e-01 -2.5665708849e-02 8.1084174907e-22) (0.0000000000e+00 0.0000000000e+00 0.0000000000e+00)) ((-1.4707581267e+00 2.4369632483e-01 9.3595631064e+00) (1.2832854425e-03 8.1861928081e-03 -5.5007045111e-02) (0.0000000000e+00 0.0000000000e+00 0.0000000000e+00))
2.3729999856e-01	((4.8736760502e+00 2.9418258228e+01 6.9103541895e-19) (1.6373256597e-01 -2.5666273356e-02 8.1079425405e-22) (0.0000000000e+00 0.0000000000e+00 0.0000000000e+00)) ((-1.4709129114e+00 2.4368380251e-01 9.3602685745e+00) (1.2833136678e-03 8.1866282987e-03 -5.5009990884e-02) (0.0000000000e+00 0.0000000000e+00 0.0000000000e+00))
2.3932479111e-01	((4.8734499508e+00 2.9421508311e+01 6.9114141447e-19) (1.6374120493e-01 -2.5666857782e-02 8.1044458456e-22) (0.0000000000e+00 0.0000000000e+00 0.0000000000e+00)) ((-1.4710754155e+00 2.4367249754e-01 9.3610280603e+00) (1.2833428891e-03 8.1870602463e-03 -5.5012927438e-02) (0.0000000000e+00 0.0000000000e+00 0.0000000000e+00))
2.4134864731e-01	((4.8731602155e+00 2.9424538791e+01 6.9132002249e-19) (1.6374960425e-01 -2.5667307953e-02 8.1041933656e-22) (0.0000000000e+00 0.0000000000e+00 0.0000000000e+00)) ((-1.4712269396e+00 2.4365801078e-01 9.3616934814e+00) (1.2833653977e-03 8.1874802123e-03 -5.5015750557e-02) (0.0000000000e+00 0.0000000000e+00 0.0000000000e+00))
2.4337250351e-01	((4.8729111519e+00 2.9427575337e+01 6.9149305251e-19) (1.6375787572e-01 -2.5667670491e-02 8.1038997121e-22) (0.0000000000e+00 0.0000000000e+00 0.0000000000e+00)) ((-1.4713787668e+00 2.4364555759e-01 9.3623836819e+00) (1.2833835245e-03 8.1878937859e-03 -5.5018503785e-02) (0.0000000000e+00 0.0000000000e+00 0.0000000000e+00))
2.4539635971e-01	((4.8727057230e+00 2.9430614591e+01 6.9164324738e-19) (1.6376603127e-01 -2.5667975322e-02 8.1038778745e-22) (0.0000000000e+00 0.0000000000e+00 0.0000000000e+00)) ((-1.4715307296e+00 2.4363528615e-01 9.3631067790e+00) (1.2833987661e-03 8.1883015636e-03 -5.5021201551e-02) (0.0000000000e+00 0.0000000000e+00 0.0000000000e+00))
2.4742021591e-01	((4.8724230095e+00 2.9433553768e+01 6.9182860062e-19) (1.6377407904e-01 -2.5668229491e-02 8.1034561082e-22) (0.0000000000e+00 0.0000000000e+00 0.0000000000e+00)) ((-1.4716776884e+00 2.4362115047e-01 9.3637526339e+00) (1.2834114746e-03 8.1887039521e-03 -5.5023850040e-02) (0.0000000000e+00 0.0000000000e+00 0.0000000000e+00))
2.4944407211e-01	((4.8721707443e+00 2.9436503760e+01 6.9200055784e-19) (1.6378202347e-01 -2.5668437324e-02 8.1031396138e-22) (0.0000000000e+00 0.0000000000e+00 0.0000000000e+00)) ((-1.4718251880e+00 2.4360853721e-01 9.3644186394e+00) (1.2834218662e-03 8.1891011733e-03 -5.5026451162e-02) (0.0000000000e+00 0.0000000000e+00 0.0000000000e+00))
2.5146703762e-01	((4.8719028130e+00 2.9439439847e+01 6.9215397134e-19) (1.6378998917e-01 -2.5668739353e-02 8.0979601871e-22) (0.0000000000e+00 0.0000000000e+00 0.0000000000e+00)) ((-1.4719719923e+00 2.4359514065e-01 9.3650715052e+00) (1.2834369677e-03 8.1894994584e-03 -5.5029093854e-02) (0.0000000000e+00 0.0000000000e+00 0.0000000000e+00))
2.5348924438e-01	((4.8715554048e+00 2.9442245032e+01 6.9233422516e-19) (1.6379773543e-01 -2.5668885270e-02 8.0975802852e-22) (0.0000000000e+00 0.0000000000e+00 0.0000000000e+00)) ((-1.4721122516e+00 2.4357777024e-01 9.3656384818e+00) (1.2834442635e-03 8.1898867717e-03 -5.5031618450e-02) (0.0000000000e+00 0.0000000000e+00 0.0000000000e+00))
2.5551145115e-01	((4.8713115025e+00 2.9445102152e+01 6.9247616731e-19) (1.6380538901e-01 -2.5668982965e-02 8.0975190546e-22) (0.0000000000e+00 0.0000000000e+00 0.0000000000e+00)) ((-1.4722551076e+00 2.4356557512e-01 9.3662883722e+00) (1.2834491482e-03 8.1902694503e-03 -5.5034096859e-02) (0.0000000000e+00 0.0000000000e+00 0.0000000000e+00))
2.5753365791e-01	((4.8711363635e+00 2.9448048710e+01 6.9257479144e-19) (1.6381294760e-01 -2.5669047621e-02 8.0980009718e-22) (0.0000000000e+00 0.0000000000e+00 0.0000000000e+00)) ((-1.4724024355e+00 2.4355681818e-01 9.3670087953e+00) (1.2834523811e-03 8.1906473798e-03 -5.5036535087e-02) (0.0000000000e+00 0.0000000000e+00 0.0000000000e+00))
2.5955586468e-01	((4.8708385799e+00 2.9450838840e+01 6.9271200485e-19) (1.6382040462e-01 -2.5669085857e-02 8.0980783548e-22) (0.0000000000e+00 0.0000000000e+00 0.0000000000e+00)) ((-1.4725419420e+00 2.4354192900e-01 9.3676063208e+00) (1.2834542928e-03 8.1910202308e-03 -5.5038938089e-02) (0.0000000000e+00 0.0000000000e+00 0.0000000000e+00))
2.6157807145e-01	((4.8705213085e+00 2.9453542347e+01 6.9288758950e-19) (1.6382777115e-01 -2.5669088114e-02 8.0975860758e-22) (0.0000000000e+00 0.0000000000e+00 0.0000000000e+00)) ((-1.4726771174e+00 2.4352606542e-01 9.3681630761e+00) (1.2834544057e-03 8.1913885575e-03 -5.5041299114e-02) (0.0000000000e+00 0.0000000000e+00 0.0000000000e+00))
2.6360027821e-01	((4.8703088504e+00 2.9456371171e+01 6.9298106165e-19) (1.6383503769e-01 -2.5669071553e-02 8.0981137125e-22) (0.0000000000e+00 0.0000000000e+00 0.0000000000e+00)) ((-1.4728185586e+00 2.4351544252e-01 9.3688285163e+00) (1.2834535776e-03 8.1917518843e-03 -5.5043626960e-02) (0.0000000000e+00 0.0000000000e+00 0.0000000000e+00))
2.6562248498e-01	((4.8699869241e+00 2.9459022013e+01 6.9312388567e-19) (1.6384220568e-01 -2.5669021888e-02 8.0980041666e-22) (0.0000000000e+00 0.0000000000e+00 0.0000000000e+00)) ((-1.4729511007e+00 2.4349934621e-01 9.3693709087e+00) (1.2834510944e-03 8.1921102840e-03 -5.5045914101e-02) (0.0000000000e+00 0.0000000000e+00 0.0000000000e+00))
2.6764231547e-01	((4.8696964370e+00 2.9461675626e+01 6.9325072450e-19) (1.6384945020e-01 -2.5669165315e-02 8.0906662346e-22) (0.0000000000e+00 0.0000000000e+00 0.0000000000e+00)) ((-1.4730837813e+00 2.4348482185e-01 9.3699374950e+00) (1.2834582657e-03 8.1924725099e-03 -5.5048301000e-02) (0.0000000000e+00 0.0000000000e+00 0.0000000000e+00))
2.6966214597e-01	((4.8693054977e+00 2.9464229042e+01 6.9339941606e-19) (1.6385643877e-01 -2.5669081015e-02 8.0905197155e-22) (0.0000000000e+00 0.0000000000e+00 0.0000000000e+00)) ((-1.4732114521e+00 2.4346527489e-01 9.3704098811e+00) (1.2834540508e-03 8.1928219385e-03 -5.5050527251e-02) (0.0000000000e+00 0.0000000000e+00 0.0000000000e+00))
2.7168197646e-01	((4.8690979953e+00 2.9466915209e+01 6.9348230913e-19) (1.6386332187e-01 -2.5668965267e-02 8.0909664854e-22) (0.0000000000e+00 0.0000000000e+00 0.0000000000e+00)) ((-1.4733457604e+00 2.4345489976e-01 9.3710383286e+00) (1.2834482634e-03 8.1931660937e-03 -5.5052711654e-02) (0.0000000000e+00 0.0000000000e+00 0.0000000000e+00))
2.7370180696e-01	((4.8687082623e+00 2.9469413952e+01 6.9364621888e-19) (1.6387010889e-01 -2.5668828555e-02 8.0905854374e-22) (0.0000000000e+00 0.0000000000e+00 0.0000000000e+00)) ((-1.4734706976e+00 2.4343541312e-01 9.3714921415e+00) (1.2834414278e-03 8.1935054446e-03 -5.5054862510e-02) (0.0000000000e+00 0.0000000000e+00 0.0000000000e+00))
2.7572163745e-01	((4.8683589887e+00 2.9471972166e+01 6.9376297212e-19) (1.6387679304e-01 -2.5668663708e-02 8.0907811431e-22) (0.0000000000e+00 0.0000000000e+00 0.0000000000e+00)) ((-1.4735986083e+00 2.4341794944e-01 9.3719886786e+00) (1.2834331854e-03 8.1938396520e-03 -5.5056974952e-02) (0.0000000000e+00 0.0000000000e+00 0.0000000000e+00))
2.7774146795e-01	((4.8680873453e+00 2.9474489976e+01 6.9387095466e-19) (1.6388338025e-01 -2.5668478138e-02 8.0909412161e-22) (0.0000000000e+00 0.0000000000e+00 0.0000000000e+00)) ((-1.4737244988e+00 2.4340436727e-01 9.3725306368e+00) (1.2834239069e-03 8.1941690123e-03 -5.5059052928e-02) (0.0000000000e+00 0.0000000000e+00 0.0000000000e+00))
2.7976129844e-01	((4.8678011503e+00 2.9476992756e+01 6.9397114831e-19) (1.6388987021e-01 -2.5668267950e-02 8.0912507288e-22) (0.0000000000e+00 0.0000000000e+00 0.0000000000e+00)) ((-1.4738496378e+00 2.4339005751e-01 9.3730613954e+00) (1.2834133975e-03 8.1944935106e-03 -5.5061095416e-02) (0.0000000000e+00 0.0000000000e+00 0.0000000000e+00))
2.8178112894e-01	((4.8674643540e+00 2.9479443169e+01 6.9410034133e-19) (1.6389626459e-01 -2.5668039563e-02 8.0911945052e-22) (0.0000000000e+00 0.0000000000e+00 0.0000000000e+00)) ((-1.4739721585e+00 2.4337321770e-01 9.3735449077e+00) (1.2834019781e-03 8.1948132296e-03 -5.5063104517e-02) (0.0000000000e+00 0.0000000000e+00 0.0000000000e+00))
2.8380095943e-01	((4.8672196733e+00 2.9481933860e+01 6.9418139797e-19) (1.6390256726e-01 -2.5667792307e-02 8.0916261630e-22) (0.0000000000e+00 0.0000000000e+00 0.0000000000e+00)) ((-1.4740966930e+00 2.4336098366e-01 9.3740960900e+00) (1.2833896154e-03 8.1951283630e-03 -5.5065081413e-02) (0.0000000000e+00 0.0000000000e+00 0.0000000000e+00))
2.8582078993e-01	((4.8669097860e+00 2.9484341169e+01 6.9429604085e-19) (1.6390877992e-01 -2.5667524687e-02 8.0916876093e-22) (0.0000000000e+00 0.0000000000e+00 0.0000000000e+00)) ((-1.4742170585e+00 2.4334548930e-01 9.3745824553e+00) (1.2833762343e-03 8.1954389960e-03 -5.5067025191e-02) (0.0000000000e+00 0.0000000000e+00 0.0000000000e+00))
2.8784062042e-01	((4.8665224767e+00 2.9486541972e+01 6.9445833619e-19) (1.6391489923e-01 -2.5667234287e-02 8.0910768055e-22) (0.0000000000e+00 0.0000000000e+00 0.0000000000e+00)) ((-1.4743270986e+00 2.4332612383e-01 9.3749688430e+00) (1.2833617143e-03 8.1957449617e-03 -5.5068934071e-02) (0.0000000000e+00 0.0000000000e+00 0.0000000000e+00))
2.8985920794e-01	((4.8663031981e+00 2.9489115791e+01 6.9448047755e-19) (1.6392142706e-01 -2.5667342595e-02 8.0678218638e-22) (0.0000000000e+00 0.0000000000e+00 0.0000000000e+00)) ((-1.4744557895e+00 2.4331515990e-01 9.3755522964e+00) (1.2833671297e-03 8.1960713530e-03 -5.5071094507e-02) (0.0000000000e+00 0.0000000000e+00 0.0000000000e+00))
2.9187126986e-01	((4.8659588007e+00 2.9491384470e+01 6.9459957222e-19) (1.6392745415e-01 -2.5667303516e-02 8.0680206968e-22) (0.0000000000e+00 0.0000000000e+00 0.0000000000e+00)) ((-1.4745692235e+00 2.4329794004e-01 9.3759804684e+00) (1.2833651758e-03 8.1963727075e-03 -5.5073097861e-02) (0.0000000000e+00 0.0000000000e+00 0.0000000000e+00))
2.9388333178e-01	((4.8656467149e+00 2.9493686534e+01 6.9470700855e-19) (1.6393334859e-01 -2.5666981606e-02 8.0680722189e-22) (0.0000000000e+00 0.0000000000e+00 0.0000000000e+00)) ((-1.4746843267e+00 2.4328233574e-01 9.3764369957e+00) (1.2833490803e-03 8.1966674293e-03 -5.5074935248e-02) (0.0000000000e+00 0.0000000000e+00 0.0000000000e+00))
2.9589539369e-01	((4.8653372857e+00 2.9495960235e+01 6.9481100241e-19) (1.6393914785e-01 -2.5666636526e-02 8.0681566170e-22) (0.0000000000e+00 0.0000000000e+00 0.0000000000e+00)) ((-1.4747980118e+00 2.4326686429e-01 9.3768869558e+00) (1.2833318263e-03 8.1969573924e-03 -5.5076736624e-02) (0.0000000000e+00 0.0000000000e+00 0.0000000000e+00))
2.9790745561e-01	((4.8650177809e+00 2.9498194316e+01 6.9492278612e-19) (1.6394486129e-01 -2.5666266657e-02 8.0681660924e-22) (0.0000000000e+00 0.0000000000e+00 0.0000000000e+00)) ((-1.4749097158e+00 2.4325088904e-01 9.3773194036e+00) (1.2833133328e-03 8.1972430646e-03 -5.5078502047e-02) (0.0000000000e+00 0.0000000000e+00 0.0000000000e+00))
2.9991951752e-01	((4.8646953605e+00 2.9500409825e+01 6.9503623826e-19) (1.6395047873e-01 -2.5665890562e-02 8.0681692199e-22) (0.0000000000e+00 0.0000000000e+00 0.0000000000e+00)) ((-1.4750204913e+00 2.4323476803e-01 9.3777454805e+00) (1.2832945281e-03 8.1975239367e-03 -5.5080242138e-02) (0.0000000000e+00 0.0000000000e+00 0.0000000000e+00))
