0.90084455356 2.73313462719 0.586716649584 0.479950967373
0.90205074132 2.7333973101 0.586513597263 0.47993378944
0.9032565963 2.73365207434 0.586305183473 0.479911153937
0.90446211465 2.73391241338 0.586101510482 0.47989151055
0.90566729848 2.73416901063 0.585896780714 0.479870078822
0.90687214379 2.73442582871 0.585694669263 0.479849967591
0.90807665884 2.73468044441 0.585490098055 0.479826375497
0.90928083951 2.73493680718 0.585295606638 0.479811413603
0.91048468793 2.73519252394 0.585103087574 0.479797733701
0.91168820622 2.73544763453 0.584908380123 0.479780162684
0.91289139656 2.73569957399 0.584713888612 0.479762347972
0.91409426118 2.73594812888 0.584519419226 0.479743257428
0.91529680237 2.73620040021 0.584329429869 0.479728296308
0.9164990225 2.73644806784 0.58414034104 0.479712301564
0.91770092401 2.73669949296 0.583954642477 0.479698998017
0.9189025095 2.73695162889 0.583766595763 0.479682659959
0.92010378165 2.73719494935 0.583580656399 0.47966721295
0.9213047506 2.73744631441 0.58339493689 0.479651544122
0.92250541956 2.73768792978 0.583211040837 0.47963592139
0.92370576932 2.73796388361 0.583026294697 0.479614527326
0.92490577126 2.73823477483 0.582840837638 0.479591984823
0.92610548092 2.73847548308 0.582660217405 0.479576584531
0.92730491 2.73871498847 0.582480710494 0.479561658768
0.92850407104 2.7389533924 0.582302577705 0.479546980279
0.92970286261 2.7391899 0.582125584933 0.479532481929
0.93090135848 2.7394257159 0.581949640155 0.479518075611
0.9320996048 2.73966054063 0.581774907038 0.479503952667
0.9332975652 2.73989462184 0.581601402608 0.479490048326
0.93449514625 2.74012725326 0.581428993129 0.479476230948
0.93569250734 2.74035976629 0.581257829385 0.479462613356
0.93688959395 2.74059094863 0.581087901842 0.479449279145
0.93808630703 2.74082094057 0.580918972878 0.479436007038
0.9392828442 2.74105018854 0.580751124709 0.479422918157
0.94047900567 2.74127770784 0.580584591546 0.479410057448
0.94167491479 2.74150436095 0.58041901183 0.479397300867
0.942870591 2.74172979597 0.580254682912 0.479384807986
0.94406589497 2.74195410164 0.580091369105 0.479372443576
0.94526106815 2.74217709484 0.579929185522 0.479360257911
0.94645577079 2.74239931971 0.579767961158 0.479348193753
0.94765042116 2.74262049354 0.579607917567 0.479336303234
0.94884455851 2.74284035565 0.579449129487 0.47932463566
0.95003866312 2.74305913357 0.579291417783 0.479313140909
0.95123226423 2.74327676815 0.57913464451 0.479301736469
0.95242579667 2.74349340483 0.578979021751 0.479290529541
0.95361891881 2.74370884885 0.578824358781 0.479279402828
0.95481184785 2.74392327558 0.578670855481 0.479268471618
0.95600457177 2.74413666421 0.578518339527 0.479257643529
0.9571968598 2.74434868569 0.578366972326 0.479247006574
0.95838914782 2.74456003198 0.578216614527 0.479236516216
0.95958089984 2.74477022667 0.578067243706 0.479226157321
0.96077250067 2.74497932229 0.577919007957 0.479215999959
0.9619641015 2.74518754848 0.577771731152 0.479205959539
0.96315495618 2.74539446123 0.577625303977 0.479195975864
0.96434581086 2.74560007514 0.57747999721 0.479186160519
0.96553666554 2.74580517995 0.577335856011 0.47917660929
0.9667267615 2.74600903585 0.577192656006 0.479167127565
0.96791679149 2.74621199015 0.577050570209 0.479157851304
0.96910682148 2.74641407991 0.576909486185 0.479148710742
0.97029645792 2.74661473161 0.576769184096 0.479139557591
0.97148555088 2.74681426394 0.576630142986 0.479130700978
0.97267464383 2.74701285837 0.576491952833 0.479121908019
0.97386373679 2.74721137149 0.576354358213 0.479112932426
0.9750524728 2.74740687516 0.576218185436 0.479104579658
0.97624045028 2.74760177617 0.576082367198 0.479095861958
0.97742842777 2.74779570748 0.575947240786 0.479086809177
0.97861640526 2.74798850797 0.575813435989 0.479078376431
0.97980438274 2.74818017667 0.57568044756 0.479069994072
0.98099195209 2.74837129791 0.575548115601 0.479061595808
0.98217847193 2.74855987356 0.575417000607 0.479053445803
0.98336499178 2.74874821187 0.575286813881 0.479045478961
0.98455151162 2.74893606848 0.575157596271 0.4790376943
0.98573803147 2.74912320804 0.575029327985 0.479030072496
0.98692455131 2.74930940856 0.574901703438 0.479022502983
0.98811107116 2.74949504335 0.574775071563 0.479015243513
0.98929663372 2.749679949 0.574648679667 0.479007654342
0.99048063442 2.74986258196 0.574523774772 0.479000407414
0.99166463511 2.7500455378 0.574399886258 0.478993434195
0.99284863581 2.75022816116 0.574276827275 0.478986576841
0.9940326365 2.75041001915 0.574154993925 0.478980189309
0.9952166372 2.75059142031 0.57403383728 0.478973706687
0.99640063789 2.75077201004 0.573913576651 0.478967366089
0.99758463858 2.75095208694 0.573794247007 0.478961236409
0.99876863928 2.75113145674 0.573675888302 0.478955305855
0.99995263997 2.75131028957 0.573558320941 0.478949523721
