0.0010017676483 0.0859494688228 0.039393022177 0.0285770357237
0.0026802029596 0.0287012854654 0.00622386074257 -0.164461243724
0.0042367054885 -0.126613910537 0.00320836873647 -0.210786735086
0.0058039035621 -0.114121438857 0.015754023049 -0.12614816651
0.0074148961987 0.184362547515 0.0441515401861 0.242616391129
0.0090705616262 0.256231110768 0.0725213123517 0.362964764346
0.010772559159 0.24595654015 0.0358127924814 0.258607344058
0.012519964284 0.41665188725 0.0345889536822 0.394337271465
0.01431129657 0.2567240499 0.0373290493348 0.279235994857
0.016145243394 0.275932048803 0.140907829402 0.567188831636
0.018028165464 0.328567858426 0.158989569685 0.724886040294
0.019943142857 0.204019943569 0.190007764417 0.765125669682
0.021877985998 0.222939923144 0.0957575519065 0.568864007395
0.023842794644 0.158807767873 0.0635986965105 0.349415276375
0.025844928061 0.358040966786 0.20846643204 0.793796058219
0.027849385288 0.567933756269 0.230724403875 1.00776434599
0.029876995746 0.283376797689 0.167096048369 0.698716355857
0.031919731491 -0.328835464007 0.0661455410224 -0.0480089667001
0.0339628438 -0.444203915149 -0.0260159703804 -0.394674971437
0.036023706919 -0.178170876882 0.0574640226668 -0.129927790709
0.03810751113 0.0777391721454 0.11669959513 0.24271040748
0.040187670676 0.174787444829 0.0562302910913 0.278257864889
0.042262521302 0.368405072925 0.0836922880057 0.430750233048
0.044336254357 0.513676282449 0.105766125983 0.525237405977
0.046465867713 0.491861311223 0.067258758611 0.486333380528
0.048598206612 0.388379750659 0.0950040600168 0.567835083947
0.050668614631 0.676667048885 0.0887813443042 0.657002216465
0.052675345916 0.591595621448 0.114802798398 0.647690712689
0.054786353523 0.0911114462424 0.0624567755681 0.0884755746385
0.05693540482 0.466094825823 0.135736521617 0.575034751422
0.059120669844 0.487728262321 0.184694250534 0.675372540749
0.061305313165 0.0279455387847 0.127932659552 0.141634728036
0.063451374387 0.0535531485403 0.144357625759 0.307280553172
0.065557563591 0.417279718375 0.191019243207 0.66331461521
0.067606184536 0.295917410753 0.217422541176 0.657951282787
0.069604416402 0.298139307895 0.147427638845 0.492040642947
0.071642004817 0.0782466656245 0.122374677655 0.185930363584
0.073791053882 0.29238210668 0.127848492286 0.525723616694
0.075981781344 0.352449026378 0.202098635383 0.648441374365
0.0781699033 0.354174157893 0.263778742018 0.79924519449
0.080326989651 0.245327333707 0.233966938522 0.711495682863
0.082452086981 -0.0347298810826 0.0996871558491 0.25079010175
0.084685939614 -0.247614525592 0.0594689767595 -0.00773849946716
0.086924618634 -0.0369283705748 0.0924118539481 0.124237506699
0.089175153845 0.350545105379 0.166597332513 0.592332217383
0.091244204456 0.230825776163 0.199797576756 0.571417757114
0.093245852629 -0.0488511388202 0.161049664375 0.256757845915
0.095248391339 0.119574257161 0.15288995077 0.355567371051
0.09723457336 -0.215722345591 0.146249840228 0.0554432281198
0.099275252928 -0.110730166256 0.126111060702 0.19141899534
0.10143055139 0.0373484029825 0.116819948992 0.274119414106
0.10362973236 -0.0513998391471 0.0948058717907 0.219700442857
0.10570994132 -0.21390995495 0.098614993133 0.142159677386
0.10772349658 -0.34011428507 0.113545024336 0.0413230732406
0.10971376742 -0.21809112902 0.115807254589 0.140396376879
0.11187204642 -0.159027663753 0.100946949937 0.126400386232
0.11411110652 0.0988862894242 0.0773567788305 0.267543506884
0.11634058009 0.074539645943 0.0781778476362 0.271482688541
0.11855999978 -0.239663901561 0.105957202289 0.058097154133
0.12078738399 -0.337143803877 0.142183178546 0.0980195966169
0.12300900026 -0.276617753389 0.130409863825 0.109379871842
0.12523776176 -0.0211627977711 0.0985847084275 0.250202536752
0.12748412568 -0.0286829286754 0.134885711931 0.362107566891
0.12974376785 -0.0375600799989 0.190637361933 0.456630761156
0.13193796137 0.289633241293 0.189068423979 0.558569391978
0.13412016863 0.302918309099 0.166470046698 0.544724187457
0.13639833341 -0.092928944365 0.129471560363 0.269018963081
0.13869437063 -0.337307010587 0.0840629102156 0.099375317992
0.14097602606 -0.242989724579 0.0709648888962 0.0657224855137
0.14321486504 -0.353429451393 0.075716481388 0.0478824821617
0.14549606363 0.156457507502 0.0708259309465 0.492007022173
0.14779342767 0.171890372203 0.0721675174341 0.514559405933
0.15006080206 -0.00573700916588 0.061525846768 0.334236440977
0.15229315538 0.0204727188476 0.0639585018735 0.330617636777
0.15453912204 0.0301079042632 0.0546543767707 0.314386122728
0.15671957707 0.052406550419 0.0892996945451 0.427644669064
0.15890538236 0.281132444127 0.124844904029 0.68900254957
0.16118239694 0.499032553356 0.155471504757 0.866507435519
0.16344115593 0.394908656652 0.134869224468 0.726770614439
0.16566435922 0.428984927857 0.104847344067 0.608386863028
0.16784667936 0.209348230221 0.121116667312 0.465222162007
0.16995926898 0.206198098347 0.124332879834 0.423261069787
0.17208194883 0.430434701987 0.148853810292 0.589453807913
0.17429814974 0.234056160044 0.133917496503 0.484941010717
0.17649144287 0.373547875602 0.0988918268673 0.540348865494
0.17863309529 0.236104343144 0.0919008662572 0.401090281308
0.18077528235 0.200044407322 0.0709618840131 0.320261435485
0.18299931455 0.147847903789 0.125617240267 0.449442964288
0.18529521108 0.382233005291 0.112801522086 0.521337891165
0.18759942888 0.359248893159 0.0571866462044 0.376045952739
0.18988064982 0.547536746225 0.0602145112218 0.515500150156
0.19216609095 0.571164802379 0.0480152079805 0.540964373862
0.19445009967 0.351665465076 0.034175987717 0.41187884815
0.19674113621 0.577272831788 0.0860267653193 0.659358922261
0.19903611071 0.679703828015 0.0823608181913 0.741888911166
0.20134509906 0.794126680861 0.141700626792 0.928209407025
0.20364043171 0.786635924892 0.166947741606 0.898953428154
0.20576747864 0.498754971305 0.130190593839 0.580446587712
0.20787908835 0.505793190979 0.123669815612 0.59378964933
0.21009657351 0.581118670942 0.132593736218 0.626597662289
0.2122918148 0.548900401246 0.134650495238 0.593197877602
0.21448730498 0.562207892917 0.150434124718 0.656031040145
0.21663672779 0.654740574618 0.104344759165 0.641300528592
0.21876401987 0.521713667607 0.0684773847058 0.510788677961
0.22094062049 0.650091515926 0.0764819120949 0.587414101942
0.22318471346 0.607301618302 0.0926405771216 0.570554708007
0.225441042 0.643494684933 0.0764874211251 0.543989127022
0.2276126446 0.5982117752 0.0504945870185 0.467412022434
0.22989903804 0.522507467765 -0.0187485948259 0.363614615023
0.23222865313 0.66478984687 0.0773983080621 0.648811897133
0.23457242117 0.481693824183 0.0785341944584 0.623738777128
0.23689631715 0.40743453984 0.111245863537 0.605425547785
0.23923146516 0.588901774902 0.119892414639 0.757664348962
0.24154539035 0.771680525869 0.147340139176 0.924811214686
0.24384961656 0.589221782946 0.153101976453 0.758908674302
0.24615197709 0.63842912094 0.101017415899 0.713244632211
0.24844218881 0.543649258021 0.103100571314 0.632344003658
0.25067448132 0.573997700135 0.0716474257142 0.533094321761
0.25299336422 0.625343995639 0.112242883801 0.666643644602
0.25534658532 0.737993308231 0.0922507874828 0.781810294997
0.25762579858 0.638906020326 0.0690189827594 0.593225099993
0.25990380702 0.460822380437 0.055716403171 0.423523241127
0.26225464114 0.39978799898 0.0125638372216 0.317905536373
0.26460349184 0.501134699841 0.0288424878363 0.499569298846
0.26695143386 0.82945697031 0.0307617328277 0.680304790354
0.26930532561 0.777096816262 0.0308646571402 0.649722335104
0.271660129 0.884626744552 0.0766593758771 0.970869609191
0.27400923858 0.813728836511 0.107239954133 0.939402049881
0.27626200362 0.750672194009 0.0545024122767 0.740511704143
0.27842416817 0.783819913039 0.0589810294117 0.679060918182
0.28062252891 0.832211590731 0.0773508559106 0.771384784125
0.28287957584 0.737085618553 0.0854451872985 0.618223180387
0.28526064121 0.845628298488 0.0971195986294 0.771406669473
0.28760147434 0.666082548113 0.0836841665028 0.621694235219
0.28990872306 0.522680329171 0.073377954508 0.497487838071
0.29221770058 0.480848675271 0.0907815066412 0.441042572551
0.29455723738 0.585385687637 0.0973209848705 0.544036036283
0.29689770846 0.568986579241 0.0811101445758 0.558912467568
0.29918413295 0.573197978777 0.0607222852429 0.450889769302
0.30141070345 0.642352364885 0.0694445255516 0.517843174822
0.30377973458 0.697574862683 0.0938382935993 0.674228272727
0.30620020714 0.44936290778 0.0624736668445 0.384005140784
0.30855656017 0.41980758604 0.0123305538216 0.212624572189
0.31081563058 0.511784293631 0.0622770620933 0.497754061129
0.31314102716 0.47172178499 0.0675394849839 0.501991343065
0.31550564374 0.654875644448 0.112589434368 0.779859730366
0.31789517809 0.697902221246 0.126347586085 0.843482982422
0.32028192524 0.394247007859 0.0855195243665 0.468431565635
0.32261728173 0.276726782041 0.0819402860793 0.372771943969
0.3249305778 0.448110000078 0.0695344757707 0.501745511808
0.32722871287 0.478219963281 0.0500522353429 0.424436549011
0.32951190323 0.457461568519 0.0796600483447 0.483086937189
0.33185697587 0.253915791796 0.0981502521488 0.378912126967
0.33418081244 0.114952171799 0.0962749570515 0.286574458235
0.33648554241 0.13663372493 0.101772437672 0.324258891265
0.33886183589 0.190058940733 0.0918566700136 0.356462496333
0.34127104918 0.16677443654 0.0938882549273 0.358442780935
0.34367524466 0.068995464526 0.0524037653451 0.175127722356
0.34605192267 -0.0880203690758 0.0501327490041 0.0230094606414
0.34839042804 -0.0153223970007 0.0156385375636 0.0651266812024
0.35059142777 -0.0721476039152 -0.0122411947089 -0.106298960878
0.35269817158 -0.0587257176121 -0.0377888865612 -0.159925936887
0.35479133961 0.0188844982579 0.000910218058649 -0.0154631115261
0.35681645584 0.201314122088 0.0228228453151 0.19350980346
0.35891632858 0.132849496643 0.0612021262432 0.247030671315
0.36117927471 0.278202577966 0.0948887197478 0.416244667427
0.36357845334 0.119541831559 0.112968402039 0.332607232885
0.36601338443 0.260236498863 0.0928145924221 0.344581743798
0.36838370719 -0.0582571426264 0.0828132325656 0.0421261019813
0.37069717652 -0.0728441442345 0.0919867923654 0.100120705676
0.37300170267 -0.033751201128 0.0690035305717 0.059496561299
0.37529568423 0.0179891929658 0.0742292433333 0.142137167686
0.37758013371 0.127720013719 0.0636597547599 0.192712422643
0.3798542614 0.0440344183121 0.0738634359265 0.132475782879
0.38216818281 -0.025387990052 0.0850266251705 0.0759654964857
0.38447670065 0.0505953036051 0.0852194178852 0.163608915267
0.38682623827 0.0768600258459 0.0747340525976 0.108325034182
0.38915153632 0.117801068879 0.0514300953434 0.0947634701448
0.39149370044 0.0244409479828 0.0637330725999 0.0874358538978
0.39383879363 -0.0340475160696 0.0721042650845 0.0966361995609
0.39612999322 0.168421942663 0.0481569888201 0.184243202773
0.39840948957 0.124693198892 0.0513782387691 0.125729044531
0.40065011975 0.0477655594822 0.0624902984808 0.127212421326
0.40303472084 -0.216306168908 0.0690587505358 -0.0787555470734
0.40543212656 -0.0345870169255 0.0413403323308 0.0520251702385
0.40775388238 0.051650256252 0.0264885950684 0.0973571407731
0.41001537661 -0.0116214319053 0.0360738922288 0.011864684874
0.41231577107 0.171947047958 0.0462084591731 0.211073859939
0.41468211629 0.0502733159864 0.046028278589 0.0841023874587
0.41705882203 0.0166468161638 0.0319254561865 0.00263277765557
0.41938653682 0.00790012909855 -0.0330048525412 -0.129558460313
0.42177020734 0.0572459089177 0.0182071204944 0.0660268409197
0.42421429838 0.124373893211 0.0362018901546 0.194099282103
0.42670204278 0.267530450593 0.0967369531484 0.429391824932
0.42911305014 0.245897120585 0.0908867999866 0.329106449466
0.43133587737 0.150091040186 0.0992738708017 0.353494253754
0.43354466184 0.317161710022 0.0841214030998 0.479293716025
0.43582321255 0.254592964416 0.0830443908062 0.427670928899
0.43811159027 0.0212698510096 0.0799628513937 0.254311958816
0.44041961736 -0.0175152424119 0.0437282038658 0.141409360895
0.44276340695 -0.0898485295665 0.0111925138885 -0.0460236829218
0.44516179209 0.112048004595 0.034972959738 0.150534524085
0.44756212627 0.243405081864 0.105417476338 0.384848512436
0.44992131782 0.0714593295952 0.0637101823152 0.148900293814
0.45229665855 0.0503399584365 0.0358827525948 0.0221812723949
0.45470635841 -0.0365454096877 0.0219754764201 -0.00741218067606
0.45707434493 0.0601891033657 0.0313401453034 0.138165065152
0.45939132853 0.0463874486684 0.0165767332397 0.0631750782346
0.46163861172 0.016635794775 0.0179050979431 0.0279400541802
0.46386202713 0.0484908840283 0.0385981242043 0.143385403759
0.46609963461 0.14061826718 0.0766349699649 0.288031928986
0.4683835296 0.140903495412 0.0603581863839 0.230828762039
0.47066966612 0.116309867807 0.0257423701666 0.0938257729849
0.47288348354 0.115576647193 0.0259799721258 0.0934157876768
0.47506672598 0.115618780928 0.025908883494 0.0934701282501
0.47724074706 0.115566215876 0.0257995558168 0.0934114910812
0.47939568668 0.115459573809 0.0256850174295 0.0933019103891
0.48153556135 0.115351752545 0.0255795408807 0.0931982888707
0.48366780113 0.115264508788 0.0254854063886 0.0931167534687
0.48579994198 0.115205931133 0.0254001554877 0.0930599999589
0.48793208282 0.115169514646 0.025323026202 0.0930196300064
0.49005773454 0.115147798455 0.0252526732043 0.092987978333
0.49218215024 0.115136354064 0.0251872929009 0.0929611549178
0.49430656593 0.11512921052 0.0251259164938 0.0929348805543
0.4964213252 0.115120952462 0.0250677449923 0.0929049789756
0.49852642802 0.11511222163 0.0250110399736 0.0928731428099
0.50063475029 0.115099031502 0.024955345476 0.0928360866383
0.50274838946 0.115079911104 0.0249007400161 0.0927925547225
0.50485858014 0.115056671056 0.0248467097096 0.0927443724244
0.5069655373 0.11503223811 0.0247934039058 0.0926943920508
0.50906925514 0.115010213213 0.0247419621177 0.0926457553253
0.51116995965 0.114991123768 0.0246919721505 0.0926006924261
0.5132677875 0.114976310418 0.0246442003137 0.0925601238144
0.51536281897 0.114968052237 0.0245985752834 0.0925262897199
0.5174552194 0.114967877893 0.0245558441758 0.092501165464
0.5195450772 0.114974543135 0.024515294886 0.0924828271354
0.52163254932 0.11498965539 0.0244772519521 0.0924729495976
0.52371773326 0.115011810126 0.0244414523988 0.0924698577158
0.52580075389 0.115040456176 0.0244077124423 0.0924728802687
0.52788176619 0.115075510796 0.0243757709213 0.0924814793028
0.52996073998 0.115114753486 0.0243450699799 0.0924932707435
0.53203793777 0.115160181697 0.0243159467883 0.092510332856
0.53411328376 0.115209086853 0.0242877656998 0.0925298587504
0.53618706116 0.115262388701 0.0242605068403 0.0925527485452
0.53825925136 0.115317964469 0.0242338885472 0.0925772882415
0.54032991504 0.115378555633 0.0242084804344 0.0926052859863
0.54239908639 0.115442742132 0.024183909378 0.0926358031674
0.54446682988 0.115510394699 0.024160143408 0.0926688786314
0.54653318487 0.115581243489 0.0241371826481 0.0927043229556
0.54859829076 0.115655477863 0.0241150398463 0.0927423068927
0.55066224017 0.115733039159 0.0240936728322 0.0927828745498
0.55272485555 0.115813551787 0.0240729430629 0.092825927773
0.55478608979 0.11589688727 0.0240530111574 0.0928712483398
0.55684657564 0.115983005876 0.0240338933704 0.092918910069
0.55890542223 0.116071380286 0.0240153537285 0.0929685881365
0.56096354416 0.116162206206 0.0239976416336 0.0930203705793
0.56302025943 0.11625522698 0.0239805458044 0.0930741957739
0.56507644918 0.116350426135 0.0239641920536 0.0931299384357
0.5671307757 0.116447379119 0.0239483690816 0.0931874872804
0.56918510222 0.116546177552 0.0239331558637 0.0932466359281
0.57123758152 0.116646437984 0.0239185260012 0.0933071410333
0.57328910923 0.116748188321 0.0239043753851 0.0933691639397
0.57534063694 0.116851178759 0.0238907020974 0.0934323499629
0.57739086895 0.116955151121 0.0238775538992 0.0934964406675
0.57943879748 0.117059774586 0.0238647238841 0.0935612883575
0.58148672602 0.117165016785 0.0238523246999 0.0936268630226
0.58353465456 0.117270798045 0.0238402339339 0.0936928993292
0.5855825831 0.117376921247 0.0238284698091 0.0937594414889
0.58762693393 0.117483259811 0.0238170554996 0.0938261594426
0.58966869401 0.117589650018 0.0238057879396 0.0938931693772
0.59171045408 0.117696070779 0.0237947769544 0.0939603631221
0.59375221416 0.117802475005 0.0237839453436 0.0940277016063
0.59579397424 0.117908764688 0.0237732803681 0.0940951117075
0.59783573432 0.118014786754 0.0237627790335 0.0941624427655
0.5998774944 0.118120499466 0.0237524046864 0.0942296372831
0.6019203984 0.118225943877 0.0237421345543 0.0942967483542
0.6039628724 0.118330868791 0.0237319641329 0.09436352643
0.60600456318 0.11843524704 0.023721896569 0.0944299642645
0.608045879 0.118539085895 0.0237119112375 0.0944960752675
0.61008658297 0.118642281586 0.0237019475001 0.0945617727784
0.61212672631 0.118744884466 0.0236920442143 0.0946270592086
0.6141664959 0.118846851117 0.0236821579489 0.0946919170812
0.61620556312 0.118948036201 0.0236723131192 0.094756227388
0.61824435721 0.119048562278 0.0236624774756 0.0948200913539
0.62028243449 0.11914834379 0.0236526665124 0.0948833909226
0.62232020457 0.119247372053 0.023642839576 0.0949461594089
0.62435749747 0.119345622524 0.0236330284734 0.0950083405869
0.62639418305 0.119443074879 0.0236231883018 0.0950699666825
0.62843086863 0.11953962049 0.0236133878589 0.0951309341181
0.63046653122 0.119634519529 0.0236042027793 0.0951906866961
0.63250205431 0.119727742278 0.0235956282703 0.0952492674348
0.6345375774 0.119820021513 0.0235872886702 0.0953071613123
0.63657190909 0.119911482535 0.0235790708431 0.095364421322
0.63860616473 0.120002515 0.0235710615484 0.0954210640587
0.64064042038 0.120092212158 0.0235626595269 0.0954773066229
0.64267393938 0.120181490382 0.0235544195933 0.0955328771176
0.64470677841 0.120270020205 0.0235460843025 0.0955878898411
0.64673961744 0.120357810024 0.0235376703997 0.0956423244592
0.64877245647 0.120444820394 0.0235291796384 0.0956961822783
0.65080509505 0.120531352068 0.0235207112139 0.0957496374589
0.65283626371 0.120616691446 0.0235119554594 0.0958021441333
0.65486743237 0.12070154022 0.0235031908451 0.0958542535296
0.65689860103 0.120785627507 0.0234943379856 0.0959057377436
0.65892976969 0.120869031437 0.0234853953758 0.0959566504581
0.66096093835 0.120951682774 0.0234763615754 0.0960069209205
0.66299175377 0.121033837822 0.023467355466 0.0960567453739
0.66502071463 0.121114838109 0.0234580785158 0.096105629555
0.6670496755 0.121195607176 0.0234488480758 0.0961545331494
0.66907863637 0.121275478386 0.0234395025458 0.0962025162405
0.67110759724 0.12135444525 0.023430076956 0.0962497015953
0.67313655811 0.121432596347 0.0234205619186 0.0962961200878
0.67516551897 0.121510055913 0.0234109481444 0.0963418517684
0.67719447984 0.121587050635 0.0234012984099 0.0963873468985
0.67922344071 0.121663363307 0.0233915782844 0.0964322613865
0.68125240158 0.121738972313 0.02338178087 0.0964765513247
0.68327904628 0.1218144044 0.0233720414944 0.0965207758123
0.68530337482 0.121888180949 0.0233620671309 0.096563344417
0.68732770336 0.121961814276 0.0233520853906 0.0966059668326
0.68935203189 0.122034826143 0.0233420401937 0.0966480391227
0.69137636043 0.122107233389 0.0233319284363 0.0966895812478
0.69340068897 0.122179015001 0.023321748921 0.0967305807835
0.69542501751 0.122250208442 0.0233115101826 0.0967710610488
0.69744934604 0.122320818915 0.023301209411 0.0968110172921
0.69947367458 0.122390888697 0.0232908570129 0.0968504911206
0.70149979732 0.12246039112 0.0232804136392 0.0968894858197
0.70352655047 0.122529357575 0.0232699481271 0.0969279496346
0.70555330361 0.122597716217 0.0232594351508 0.0969659054414
0.70758005675 0.122665560528 0.0232488652674 0.0970033718477
0.70960666506 0.12273291776 0.0232382901808 0.0970403957648
0.71163251299 0.122799564443 0.0232275961067 0.0970768113193
0.71365836093 0.122865754529 0.0232168917117 0.0971128210998
0.71568420887 0.122931468259 0.0232061372716 0.0971483785017
0.71771005681 0.122996684233 0.0231953344022 0.0971834796809
0.71973590474 0.123061458846 0.0231844963205 0.0972181935969
0.72176175268 0.123125685332 0.0231736086291 0.0972524047013
0.72378760062 0.123189481257 0.0231626861499 0.0972862285205
0.725812604 0.123252793684 0.0231517445922 0.0973196074493
0.72783736917 0.123315673395 0.0231407514811 0.0973526182015
0.72986213435 0.123378016762 0.02312971848 0.0973851573438
0.73188689952 0.123440041269 0.0231186577755 0.0974174053949
0.7339116647 0.123501598453 0.0231075586471 0.0974492422704
0.73593642987 0.123562735597 0.0230964268041 0.0974807061351
0.73796119505 0.123623451139 0.0230852650992 0.0975118001437
0.73998596022 0.123683776775 0.0230740726341 0.0975425391301
0.7420107254 0.123743709138 0.0230628495432 0.0975729281919
0.74403549057 0.12380329433 0.0230515954853 0.097602989151
0.74606025575 0.123862461949 0.0230403378533 0.0976327505567
0.74808418628 0.123921160999 0.0230290597386 0.0976620015226
0.75010740584 0.123979615015 0.0230177510629 0.0976910920303
0.75213062539 0.124037662441 0.023006420121 0.0977198194048
0.75415384494 0.124095316752 0.0229950710109 0.0977482147886
0.75617706449 0.124152747923 0.0229837767597 0.0977765048145
0.75820028405 0.124209731656 0.0229723806017 0.0978042869754
0.7602235036 0.124266317501 0.022960900471 0.0978316605246
0.76224672315 0.124322671241 0.0229494746854 0.0978589062969
0.7642699427 0.124378688504 0.022938028429 0.0978858587976
0.76629316226 0.124434365208 0.0229265679316 0.0979125258782
0.76831638181 0.124489836303 0.0229151110945 0.0979390842344
0.77033960136 0.124544947573 0.0229036174729 0.0979652423278
0.77236282091 0.124599714947 0.0228921206168 0.0979911267995
0.77438604047 0.124654185155 0.0228806139748 0.0980167547963
0.77640926002 0.124708400572 0.0228690880426 0.0980421497868
0.77843247957 0.124762309998 0.0228575516355 0.0980672861507
0.78045569912 0.124815968546 0.0228460128547 0.0980922076521
0.78247891868 0.124869343278 0.0228344602491 0.0981168728384
0.78450213823 0.124922458368 0.0228229051048 0.0981413158351
0.78652535778 0.124975332253 0.0228113453326 0.0981655547741
0.78854857733 0.125027948282 0.0227997733871 0.0981895702561
0.79057179689 0.125080292932 0.0227882028414 0.09821337917
0.79259501644 0.125132418048 0.0227766285702 0.0982369955382
0.79461275372 0.125184376283 0.0227653308956 0.098260354382
0.79662292024 0.125235573684 0.0227537225476 0.0982833054873
0.79863308676 0.125286675262 0.0227421990798 0.0983061845376
0.80064724919 0.125337262679 0.0227303559805 0.0983287620344
0.80266990291 0.125388445991 0.0227189115319 0.0983516071325
0.80469255663 0.125439133174 0.0227073340376 0.0983740414313
0.80671521036 0.125489579092 0.0226957463635 0.0983962705252
0.80873786408 0.125539821599 0.0226841595137 0.0984183340943
0.8107605178 0.125589824867 0.0226725776086 0.0984402066088
0.81278317152 0.125639627022 0.0226610035408 0.0984619177077
0.81480582524 0.125689216826 0.0226494347483 0.0984834580786
0.81682847896 0.125738547711 0.0226378775329 0.0985048413074
0.81885085246 0.125787726135 0.0226263540038 0.0985260764484
0.82087250536 0.125836695024 0.0226147875646 0.098547125221
0.82289415826 0.125885472872 0.0226032440411 0.0985680399823
0.82491581117 0.125934080109 0.0225917097828 0.09858882174
0.82693746407 0.125982434228 0.0225801852214 0.0986094459305
0.82895911697 0.126030661784 0.0225686619436 0.0986299193531
0.83098076988 0.126078739333 0.0225571434749 0.0986502736838
0.83300242278 0.126126615587 0.0225456300366 0.0986704814351
0.83502407568 0.126174290677 0.0225341282334 0.0986905493257
0.83704572859 0.126221797788 0.0225226426945 0.0987105026079
0.83906738149 0.1262691178 0.0225111683102 0.0987303227984
0.84108903439 0.126316269645 0.0224997015616 0.0987500123784
0.8431106873 0.126363316458 0.0224882483506 0.0987696284281
0.8451323402 0.126410152656 0.0224767988207 0.0987890802377
0.8471539931 0.126456932868 0.0224653417623 0.0988084522937
0.84917564601 0.126503428175 0.0224539166923 0.0988277024699
0.85119729891 0.126549747813 0.0224424927361 0.0988468184861
0.85321895182 0.126595990766 0.0224310669481 0.0988658451231
0.85524060472 0.12664207665 0.0224196562209 0.0988847589944
0.85726225762 0.126688116949 0.022408246387 0.0989035915917
0.85928391053 0.126733953722 0.0223968530652 0.0989223147017
0.86130556343 0.126779644859 0.0223854757098 0.0989409373759
0.86332721633 0.126825225297 0.0223740984059 0.0989594751117
0.86534886924 0.12687058649 0.0223627548455 0.0989779232844
0.86737052214 0.126915824131 0.0223514003578 0.0989962426546
0.86939217504 0.126960961597 0.0223400486936 0.099014441582
0.87141382795 0.127005998137 0.0223287225982 0.0990326148954
0.87343548085 0.127050922744 0.0223174107016 0.0990507148229
0.87545713375 0.127095688825 0.022306121543 0.0990687242758
0.8774766586 0.127140348554 0.0222949099728 0.0990866483556
0.87949487916 0.127184787861 0.0222836610083 0.0991044692014
0.88151309971 0.12722910442 0.0222724361263 0.0991222215847
0.88353132027 0.127273304081 0.0222612208773 0.0991398945423
0.88554954082 0.127317368166 0.0222500256405 0.0991574954444
0.88756776138 0.127361310994 0.0222388465691 0.099175020011
0.88958598193 0.127405139347 0.0222276864254 0.0991924810672
0.89160420249 0.127448853064 0.0222165382507 0.0992098573622
0.89362242304 0.12749244654 0.0222054104719 0.0992271787625
0.8956406436 0.127535950086 0.022194298388 0.0992444425116
0.89765886416 0.127579354341 0.0221832103723 0.0992616565555
0.89967708471 0.127622631811 0.022172136413 0.0992787883617
0.90169765562 0.127665816391 0.0221610332512 0.0992958883008
0.90371867421 0.127708929653 0.0221499882253 0.0993129287466
0.90573969281 0.127751918012 0.0221389616242 0.0993298974743
0.9077607114 0.127794803633 0.0221279553929 0.0993468186991
0.90978172999 0.127837578382 0.0221169680594 0.0993636841422
0.91180274859 0.127880244275 0.0221060003132 0.0993804952642
0.91382376718 0.127922811606 0.0220950508883 0.0993972583372
0.91584478577 0.127965280147 0.0220841236006 0.0994139713701
0.91786580437 0.128007662597 0.0220732147186 0.0994306394821
0.91988682296 0.128049941169 0.0220623264624 0.0994472559235
0.92190784155 0.128092115076 0.0220514572426 0.0994638167226
0.92392847742 0.128134232522 0.0220406304943 0.0994803494773
0.92594843288 0.128176183042 0.022029795119 0.0994967980309
0.92796838833 0.128218055817 0.0220189868192 0.0995132122619
0.92998834379 0.128259846652 0.0220081964757 0.0995295868052
0.93200829925 0.128301515253 0.0219974293423 0.0995459207035
0.93402825471 0.12834312693 0.0219866821542 0.099562219835
0.93604821017 0.128384655348 0.0219759558294 0.0995784796048
0.93806816563 0.128426040136 0.0219652587883 0.0995946923228
0.94008812109 0.128467428398 0.0219545777846 0.0996108835727
0.94210807655 0.128508704379 0.0219439170722 0.0996270368241
0.94412803201 0.128549898604 0.0219332768446 0.0996431626291
0.94614798747 0.128591040699 0.0219226481566 0.0996592588185
0.94816794292 0.128632049756 0.0219116134228 0.0996750807505
0.95018789838 0.128674514374 0.0219011153178 0.099692819594
0.95220785384 0.128715464612 0.0218905561014 0.0997089887453
0.9542278093 0.128756078368 0.0218800279599 0.0997248116536
0.95624776476 0.128796256204 0.0218695755178 0.0997403120286
0.95826772022 0.128836201779 0.0218590011651 0.0997554926986
0.96028767568 0.128875095015 0.0218485695712 0.0997698101471
0.96230763114 0.128916708554 0.0218380517751 0.0997867604359
0.9643275866 0.128957750148 0.0218276750199 0.0998034994779
0.96634754205 0.128998591068 0.0218174835493 0.0998193745718
0.96836749751 0.129038835933 0.0218070636617 0.0998353495459
0.97038745297 0.12907865959 0.0217965609298 0.0998511991713
0.97240740843 0.129116792496 0.0217870540938 0.0998654429791
0.97442736389 0.129157372848 0.0217771928893 0.0998819849491
0.97644731935 0.129198586479 0.0217664147307 0.0998981678063
0.97846727481 0.129239254666 0.0217555450269 0.0999147405371
0.98048723027 0.129279468355 0.0217463604806 0.0999312847756
0.98250718573 0.129317120056 0.0217362038788 0.0999453366662
0.98452714118 0.129357198696 0.0217252849521 0.0999602832999
0.98654709664 0.129395353672 0.0217152794087 0.099974868406
0.9885670521 0.129436588527 0.0217044517616 0.0999920189194
0.99058700756 0.129475130767 0.0216950547538 0.100007103434
0.99260696302 0.129513575997 0.0216847263905 0.100021608949
0.99462691848 0.129555024561 0.0216741769458 0.100039104067
0.99664687394 0.129593708527 0.0216641636144 0.100054044364
0.9986668294 0.129632655683 0.0216540268563 0.100069378323
1.0006865913 0.129672431939 0.021644369506 0.100084928825
1.0027059774 0.129710875213 0.0216340181148 0.100100339451
1.0047253635 0.12974952971 0.0216242029362 0.100115227826
1.0067447496 0.129789402838 0.0216141287522 0.100131696235
1.0087641357 0.129828543713 0.0216045193131 0.100147323982
1.0107835218 0.129866437415 0.0215943630719 0.100162217788
1.0128029079 0.12990542605 0.0215847967206 0.100177956826
1.014822294 0.129944023932 0.0215746985375 0.100193305352
1.0168416801 0.129982264311 0.0215651613559 0.100208419609
1.0188610662 0.130020386118 0.0215550681539 0.10022336485
1.0208804523 0.130059414761 0.0215456381624 0.10023965269
1.0228998384 0.130097287569 0.0215357733588 0.10025442147
1.0249192246 0.130135403013 0.0215261142933 0.100269691597
1.0269386107 0.130173554323 0.021516438419 0.100284939082
1.0289579968 0.13021156959 0.0215068132206 0.100300160175
1.0309773829 0.130249536533 0.0214972137977 0.1003153824
1.032996769 0.130287407319 0.0214876403762 0.100330567742
1.0350161551 0.130325200814 0.0214780926755 0.100345733811
1.0370355412 0.130362987479 0.0214685619139 0.100360916639
1.0390549273 0.130400598621 0.0214590662295 0.100376016999
1.0410743134 0.13043811905 0.0214495951303 0.100391076256
1.0430936995 0.130475562313 0.0214401528074 0.100406109753
1.0451130856 0.130512180092 0.0214306535094 0.100420084416
1.0471324717 0.130548840404 0.0214212107168 0.100434426411
1.0491518578 0.130585648974 0.0214117874994 0.100448981257
1.0511712439 0.130623467662 0.0214024648924 0.100464569587
1.05319063 0.130661273805 0.0213931753581 0.100480219865
1.0552100162 0.130698021557 0.0213838690113 0.100494879263
1.0572294023 0.130734915965 0.0213746337637 0.100509858831
1.0592474357 0.130773141295 0.0213655403374 0.100526311943
1.0612648893 0.130810382894 0.0213563509285 0.100541814817
1.063282343 0.130847203875 0.0213471876203 0.100556841654
1.0652997967 0.130883868031 0.021338057664 0.100571774344
1.0673172504 0.1309205187 0.0213289460936 0.100586719205
1.0693347041 0.130957094526 0.0213198618312 0.100601639365
1.0713521577 0.130993593131 0.0213108051652 0.100616542533
1.0733696114 0.131030025154 0.0213017730234 0.100631428188
1.0753870651 0.131066386185 0.0212927666376 0.100646298378
1.0774045188 0.131102687377 0.0212837855061 0.100661156841
1.0794219725 0.131138922632 0.0212748276762 0.100675997483
1.0814394261 0.131175092358 0.0212658949585 0.100690824762
1.0834568798 0.131211171695 0.0212569865073 0.100705622099
1.0854743335 0.131247190167 0.0212481029108 0.10072040462
1.0874917872 0.131283143954 0.0212392423386 0.100735166834
1.0895092409 0.131319024302 0.0212304117411 0.100749919036
1.0915266945 0.13135482371 0.0212216110853 0.100764654377
1.0935441482 0.131390569094 0.0212128273214 0.100779370229
1.0955616019 0.131426241674 0.0212040686621 0.100794068903
1.0975790556 0.131461869056 0.0211953249425 0.100808748251
1.0995965093 0.131497456941 0.0211866221868 0.100823447899
1.1016148567 0.13153287172 0.0211779034206 0.100838044133
1.1036334275 0.131568214426 0.0211692519332 0.100852571952
1.1056519984 0.131603693276 0.021160613161 0.100867372682
1.1076705692 0.131638809951 0.0211520159958 0.100881777122
1.1096891401 0.13167412731 0.0211434221947 0.10089652269
1.1117077109 0.13170911908 0.021134885569 0.100910905395
1.1137262818 0.131744290652 0.0211263332433 0.100925605711
1.1157448526 0.131779142826 0.0211178563782 0.100939942033
1.1177634235 0.131814202745 0.0211093469588 0.100954628084
1.1197819943 0.131848902254 0.0211009183741 0.100968889291
1.1218005652 0.131883843916 0.0210924683561 0.100983612896
1.1238191361 0.131918246052 0.0210840878363 0.100997623983
1.1258377069 0.131953280438 0.0210757167776 0.101012643622
1.1278556116 0.131986826534 0.0210673702183 0.101025803249
1.1298730721 0.132022299137 0.0210590866113 0.101041353158
1.1318905326 0.132055920289 0.0210507662686 0.10105474134
1.1339079931 0.132090885881 0.0210425116876 0.10107003519
1.1359254537 0.132124875612 0.0210343069263 0.101083955432
1.1379429142 0.132159141269 0.0210260531573 0.101098492454
1.1399603747 0.132193186797 0.0210179338533 0.101112662225
1.1419778352 0.132227177061 0.0210097200095 0.10112697986
1.1439952958 0.132261175847 0.0210016660332 0.101141220938
1.1460127563 0.132294927583 0.0209934976514 0.101155397181
1.1480302168 0.132328810418 0.0209855086112 0.101169640014
1.1500476774 0.132362379008 0.0209774009889 0.101183750343
1.1520651379 0.132396164035 0.0209694726685 0.101197986861
1.1540825984 0.132429471321 0.0209614254074 0.101211977391
1.1561000589 0.13246316665 0.0209535398334 0.10122619592
1.1581175195 0.132496397873 0.0209455515115 0.101240212426
1.16013498 0.132529846921 0.0209376978788 0.101254303698
1.1621524405 0.132562951759 0.0209297812125 0.101268315062
1.164169901 0.132596249643 0.0209220160224 0.101282344959
1.1661873616 0.132629315351 0.0209141396991 0.101296390227
1.1682048221 0.132662450131 0.0209063925909 0.101310394179
1.1702222826 0.132695301044 0.0208985900748 0.101324326475
1.1722397432 0.132728308249 0.0208909243981 0.101338303734
1.1742572037 0.132760961711 0.020883161549 0.101352133834
1.1762746642 0.132793770105 0.0208755329645 0.101366055847
1.1782921247 0.132826357797 0.0208678460556 0.101379911025
1.1803095853 0.132859101733 0.0208602822177 0.101393842187
1.1823270458 0.132891377687 0.0208526439109 0.10140749811
1.1843445063 0.132923860436 0.0208451300387 0.101421332498
1.1863619668 0.132956160947 0.0208375587525 0.101435093623
1.1883794274 0.132988447199 0.0208300856033 0.101448805099
1.1903968879 0.133020647584 0.0208225551403 0.101462506264
1.1924143484 0.133052799798 0.0208151399144 0.101476194048
1.1944318089 0.133084785474 0.020807673297 0.101489808742
1.1964492695 0.133116862293 0.0208003145368 0.101503541433
1.19846673 0.133148462272 0.0207928973351 0.101516841467
1.2004842615 0.133180550658 0.020785588158 0.101530739406
1.2025020178 0.133211814473 0.0207782155248 0.101543725831
1.204519774 0.13324410408 0.0207709898535 0.10155798198
1.2065375303 0.13327464344 0.0207636458942 0.101570323136
1.2085552865 0.133307190867 0.0207564876076 0.101584960804
1.2105730428 0.133338147406 0.0207492274222 0.101597847776
1.212590799 0.13336958638 0.0207420606263 0.10161138856
1.2146085553 0.133400794382 0.0207348947565 0.101624705675
1.2166263115 0.133431952483 0.0207277646802 0.101638036968
1.2186440678 0.133463017135 0.0207206585631 0.101651325721
1.2206618241 0.133493999339 0.0207135797166 0.101664583337
1.2226795803 0.133524892999 0.0207065284938 0.101677808724
1.2246973366 0.133555705156 0.0206995031005 0.101691002881
1.2267150928 0.133586436446 0.0206925043237 0.101704166869
1.2287328491 0.133617069477 0.0206855327557 0.101717291453
1.2307497991 0.13364764377 0.0206786091946 0.10173039157
1.2327664037 0.13367811522 0.020671693391 0.101743448714
1.2347830083 0.133708515705 0.0206648055034 0.10175648346
1.2367996128 0.133738899829 0.0206579461416 0.101769538583
1.2388162174 0.133769067042 0.0206511057772 0.101782439855
1.240832822 0.13379920534 0.0206443023892 0.101795359834
1.2428494266 0.133829248402 0.0206375326569 0.101808237604
1.2448660311 0.133859234536 0.020630789252 0.101821089881
1.2468826357 0.133889064521 0.0206240640737 0.101833818259
1.2488992403 0.133918708164 0.0206173895405 0.101846501423
1.2509158448 0.133948603776 0.0206107067208 0.101859362597
1.2529324494 0.133978303878 0.0206040613087 0.101872139
1.254949054 0.134007885609 0.0205974414802 0.101884846027
1.2569656585 0.134037382888 0.020590845304 0.101897503695
1.2589822631 0.13406680443 0.0205842630618 0.101910117747
1.2609988677 0.134096112633 0.0205777149717 0.10192268719
1.2630154722 0.134125360864 0.0205711840072 0.101935231315
1.2650320768 0.134154422323 0.0205646979851 0.101947693341
1.2670486814 0.134183559664 0.0205582141696 0.101960209093
1.2690652859 0.134212362534 0.0205517833337 0.101972531238
1.2710818905 0.134241455224 0.0205453463226 0.101985075523
1.2730984951 0.134269911724 0.0205389682137 0.101997172427
1.2751150996 0.134299031352 0.0205325804943 0.102009824045
1.2771317042 0.134326533017 0.0205261862895 0.102021106309
1.2791483088 0.134353837072 0.0205197807245 0.102031891936
1.2811649133 0.134383165512 0.0205135128664 0.102044925993
1.2831815179 0.134412165809 0.0205072615899 0.102057766995
1.2851981225 0.134440696563 0.02050099491 0.102070057733
1.287214727 0.1344684762 0.0204947459081 0.102081653921
1.2892313316 0.134497878591 0.0204885242744 0.102094798033
1.2912479362 0.134525506962 0.0204823703545 0.102106504967
1.2932645407 0.134553564993 0.0204762189218 0.10211855702
1.2952811453 0.134581525602 0.0204700934758 0.102130560367
1.2972977499 0.134609410646 0.0204639908868 0.102142524988
1.2993143544 0.134637206211 0.0204579114865 0.102154450918
1.3013311819 0.134664911844 0.0204518506423 0.102166332625
1.3033481242 0.134692525394 0.0204458217377 0.102178169077
1.3053650666 0.134720066525 0.0204398144755 0.102189991053
1.3073820089 0.134747436421 0.0204338436584 0.102201699097
1.3093989512 0.134774887991 0.0204278891791 0.10221352581
1.3114158935 0.134801922119 0.0204219687164 0.102225021417
1.3134328358 0.134829364868 0.0204160631454 0.102236948201
1.3154497781 0.134855833722 0.0204101938748 0.102247979658
1.3174667205 0.134883647337 0.0204043484994 0.102260347761
1.3194836628 0.134909049153 0.0203985199632 0.102270519627
1.3215006051 0.134937386948 0.0203927316763 0.102283447027
1.3235175474 0.134963123936 0.0203869526866 0.102293975206
1.3255344897 0.134990392616 0.0203811997837 0.10230607519
1.3268977547 0.13659498526 0.021046190605 0.103503794734
1.327098364 0.135179382956 0.0205309407815 0.102411377824
1.3272987804 0.135149373078 0.0205067750347 0.102389398848
1.3274991856 0.135154729815 0.0205022317335 0.10239632705
1.3276996065 0.135160899601 0.0205000746496 0.102403074558
1.3279000441 0.135166247001 0.0204986766417 0.10240860062
1.3281004986 0.135172086966 0.0204976444646 0.102413285356
1.3283009743 0.135175764925 0.0204967437436 0.102416471934
1.3285014732 0.135179575148 0.0204957500485 0.102419607044
1.3287019941 0.135184547377 0.0204950116348 0.102422444973
1.3289025341 0.13518658831 0.0204939726599 0.102424584056
1.3291030884 0.135190869003 0.0204930543524 0.102426889015
1.3293036546 0.135194639102 0.0204927684439 0.102429818321
1.3295042259 0.13519949522 0.0204914358122 0.102431483456
1.3297048057 0.135202335565 0.0204909542832 0.102433802479
1.3299053855 0.135205068031 0.020490192764 0.102435700387
1.3301059653 0.135208518729 0.0204894687376 0.102437802039
1.3303065451 0.135212540709 0.0204890464886 0.102440350064
1.3305071249 0.135216660412 0.0204886391253 0.102442914025
1.3307077047 0.135220255987 0.020487950817 0.102444943761
1.3309082845 0.135224857563 0.0204876050476 0.102447664414
1.3311088643 0.135227650433 0.0204872274102 0.102449929581
1.3313094441 0.1352302721 0.0204862617125 0.102451397786
1.3315100238 0.135234957734 0.0204861536712 0.102454254801
1.3317105956 0.135238780047 0.0204857206898 0.102456764961
1.3319111637 0.135243912553 0.0204853716168 0.102459448422
1.3321117317 0.135246631764 0.0204845649617 0.102460875669
1.3323122997 0.135250619347 0.0204837399348 0.102463018676
1.3325128678 0.135252013187 0.0204834477817 0.102464733768
1.3327134358 0.1352554812 0.0204826791206 0.102466573916
1.3329140038 0.135258486299 0.0204827363633 0.102469143456
1.3331145719 0.135263270212 0.0204821440861 0.102471429793
1.3333151363 0.135267567004 0.0204813281948 0.102473320107
1.3335156923 0.135269993239 0.020480387104 0.102474562614
1.3337162483 0.135272102984 0.0204799444216 0.102476501018
1.3339168042 0.135275567622 0.0204795701468 0.102478586508
1.3341173602 0.135281010763 0.0204792003949 0.102481398857
1.3343179162 0.13528226332 0.0204777148011 0.102481384494
1.3345184722 0.135285818447 0.020477029378 0.10248357166
1.3347190282 0.135288707041 0.0204763641993 0.102485421035
1.3349195841 0.135292351975 0.0204759125861 0.102487382002
1.3351201401 0.135296626312 0.0204748586496 0.102489255212
1.3353206961 0.135300127153 0.0204735843195 0.102490169867
1.3355212521 0.135302732531 0.0204729843635 0.102491601123
1.3357218081 0.135303942139 0.0204723726545 0.102493095267
1.3359223641 0.135306650791 0.0204713410454 0.102494299188
1.33612292 0.135310992506 0.0204701368543 0.102495937833
1.336323476 0.135315383578 0.0204698974438 0.102498268788
1.336524032 0.135317175353 0.0204684507536 0.102498893747
1.336724588 0.135319406264 0.0204673463622 0.102499843618
1.336925144 0.135324175101 0.0204667716793 0.102501751736
1.3371256999 0.135327958157 0.0204654524805 0.102502756731
1.3373262559 0.135330520928 0.0204644116082 0.102504149862
1.3375268119 0.135332071223 0.0204630920828 0.102504313006
1.3377273679 0.135334911572 0.0204620072646 0.102505845564
1.3379279239 0.135336986474 0.0204610442534 0.102506570233
1.3381284798 0.135339986083 0.0204598552074 0.102507838104
1.3383290358 0.13534235876 0.0204586506195 0.102508423343
1.3385295918 0.135345370282 0.020457936312 0.102510146423
1.3387301478 0.135348393753 0.020456646091 0.102511008912
1.3389307038 0.135353453083 0.0204553511332 0.102512582904
1.3391312598 0.13535496598 0.0204538302287 0.10251257427
1.3393318157 0.135356417898 0.0204529783837 0.102513526864
1.3395323717 0.135359203483 0.0204519364361 0.102514409414
1.3397329277 0.135362034643 0.0204508782221 0.10251593509
1.3399334837 0.135365370097 0.0204498087664 0.102516869568
1.3401340442 0.135369307779 0.0204484387908 0.10251776704
1.3403346136 0.135369989468 0.0204470639669 0.102517859312
1.340535183 0.1353726787 0.020446273091 0.102519265687
1.3407357524 0.135373938671 0.0204449188469 0.102519694776
1.3409363218 0.135377277147 0.0204440537375 0.102520949066
1.3411368912 0.135381939592 0.0204428940332 0.102522498254
1.3413374606 0.135383712636 0.0204416067626 0.102522530531
1.3415380301 0.135386136309 0.0204401099387 0.102523082472
1.3417385995 0.135387468484 0.0204392196968 0.102523894483
1.3419391689 0.13538933555 0.0204379786932 0.102524651516
1.3421397383 0.13539386754 0.0204375667394 0.102526679469
1.3423403077 0.135397441611 0.0204358277262 0.102526765093
1.3425408771 0.135398238582 0.0204345719958 0.102527015124
1.3427414465 0.135400914787 0.0204335935805 0.102527922042
1.3429420159 0.135404122854 0.0204323333623 0.102528929714
1.3431425853 0.135405035771 0.0204313974217 0.102529356766
1.3433431547 0.135406882196 0.0204301805584 0.10253008644
1.3435437241 0.135408957457 0.0204290273566 0.102530608064
1.3437442935 0.135411535272 0.0204279509049 0.102531643831
1.3439448629 0.135416314698 0.0204271398942 0.102533109473
1.3441454323 0.135418674954 0.0204254362007 0.1025332873
1.3443460017 0.135421027575 0.0204249081785 0.102534401733
1.3445465711 0.135423985112 0.0204235413827 0.102535070687
1.3447471405 0.135424407448 0.0204223645445 0.102535074921
1.3449477099 0.135426352369 0.0204212517288 0.102536093328
1.3451482793 0.135428543903 0.0204202874623 0.102536842078
1.3453488487 0.135431600174 0.0204191974124 0.102537746503
1.3455494181 0.135433657947 0.0204181645749 0.102538377851
1.3457499875 0.135435668799 0.0204170649453 0.102539013363
1.3459505635 0.13543897566 0.0204161463782 0.102540051205
1.3461511477 0.13544228888 0.0204150849062 0.102540969078
1.346351732 0.135444135234 0.0204136211537 0.102541046834
1.3465523163 0.135445581617 0.0204123449522 0.102541377715
1.3467529006 0.135447146898 0.0204112165588 0.10254195697
1.3469534848 0.13544946757 0.0204103403769 0.102542728907
1.3471540691 0.135452056873 0.0204095040728 0.102543859157
1.3473546534 0.135454199565 0.0204084113928 0.102544540109
1.3475552376 0.135456921714 0.0204077128782 0.102545457585
1.3477558219 0.135460553982 0.020406230652 0.102546307047
1.3479564062 0.135462575125 0.0204052061803 0.102546747519
1.3481569904 0.135465299469 0.0204039953641 0.102547299382
1.3483575747 0.135466113451 0.0204030581702 0.102547464478
1.348558159 0.135470164912 0.0204021466824 0.102549027451
1.3487587432 0.135472077271 0.0204006424337 0.102549153298
1.3489593275 0.135474725535 0.0204000288632 0.102550387986
1.3491599118 0.135476260635 0.0203986408447 0.10255046732
1.349360496 0.135477769871 0.0203973039472 0.102550911094
1.3495610803 0.135480234131 0.0203963846623 0.102551567374
1.3497616646 0.135482119094 0.0203955140848 0.102552546573
1.3499622488 0.135483652147 0.0203942837136 0.102553052143
1.3501628331 0.135488842801 0.0203940097766 0.102555163645
1.3503634174 0.135491131822 0.0203923400683 0.102555096783
1.3505640016 0.13549212616 0.0203911843813 0.102555133457
1.3507645859 0.13549379161 0.0203903706877 0.102556174613
1.3509651702 0.135495110198 0.0203891998018 0.102556407689
1.3511657544 0.135498777682 0.0203886448107 0.102558180336
1.3513663387 0.135502572078 0.0203875388487 0.102558833759
1.351566923 0.135504245658 0.0203864115683 0.102559237874
1.3517675072 0.135505989439 0.0203850788708 0.10255970297
1.3519680915 0.135507741972 0.0203842231833 0.102560267478
1.3521686758 0.135510648231 0.0203830214091 0.102561098006
1.35236926 0.135512568782 0.0203818673818 0.10256159846
1.3525698443 0.135515019162 0.0203811961665 0.102562589387
1.3527704286 0.135516940847 0.0203801459365 0.102563535919
1.3529710128 0.135518976613 0.0203794085676 0.102564506966
1.3531715971 0.135521403092 0.0203780803055 0.102565151013
1.3533721814 0.135523732576 0.020377317874 0.102566111646
1.3535727656 0.135526817061 0.0203761071342 0.102566876103
1.3537733499 0.135527840391 0.0203750683722 0.102566961714
1.3539739342 0.135531543672 0.0203744988599 0.102568796369
1.3541745184 0.13553532059 0.0203730930588 0.102569699366
1.3543751027 0.135535901856 0.020372212407 0.102569831071
1.354575687 0.135537298089 0.0203708762295 0.10257017462
1.3547762712 0.135539993545 0.0203699429526 0.102571040943
1.3549768555 0.135544500867 0.0203690455469 0.102572610498
1.3551774398 0.135547976512 0.0203685088357 0.102574175991
1.355378024 0.135548178864 0.0203671854738 0.102573820265
1.3555786083 0.135552385899 0.0203665656134 0.102575787428
1.3557791926 0.135551881446 0.0203652623104 0.102575240737
1.3559797768 0.135554648603 0.0203640880805 0.102576047247
1.3561803611 0.135558212591 0.0203632250162 0.102577535441
1.3563809454 0.135561871036 0.0203622521107 0.102578758947
1.3565815296 0.135563386277 0.0203614856913 0.102579682135
1.3567821139 0.135566838831 0.0203600741426 0.102580230284
1.3569826982 0.13556841706 0.0203591439238 0.102580915663
1.3571832824 0.135570083618 0.0203578471595 0.102581446707
1.3573838667 0.135572451118 0.0203572653919 0.102582350456
1.357584451 0.135574721416 0.0203561897957 0.102583632636
1.3577850352 0.135578196905 0.0203557261716 0.102585206427
1.3579856195 0.135579646397 0.0203543663256 0.10258530473
1.3581862038 0.13558222052 0.0203535658109 0.102586279967
1.358386788 0.13558538669 0.0203529828117 0.102587674568
1.3585873723 0.135589009889 0.0203517031314 0.102588807758
1.3587879566 0.135592270587 0.0203508380645 0.10258983905
1.3589885408 0.135594805027 0.0203498674479 0.102590972206
1.3591891251 0.135597160237 0.0203491944843 0.10259206201
1.3593897094 0.135597669187 0.0203477985943 0.102592001197
1.3595902936 0.135599554044 0.0203465584081 0.102592772867
1.3597908779 0.135602595457 0.020345739405 0.102593699316
1.3599914622 0.135604170015 0.0203445955675 0.102594336507
1.3601920464 0.135609021657 0.0203442843233 0.10259639046
1.3603926307 0.135612416329 0.0203431238377 0.102597554859
1.360593215 0.135614672047 0.020342302066 0.102598426192
1.3607937992 0.135615160802 0.0203409962309 0.10259869773
1.3609943835 0.13561743006 0.0203402314274 0.102599635574
1.3611949678 0.135619062722 0.0203388411485 0.102599876102
1.361395552 0.13562227293 0.0203383272474 0.102601326866
1.3615961363 0.135628013097 0.0203375846525 0.102603484411
1.3617967206 0.135630945494 0.0203368680984 0.102604940844
1.3619973048 0.135632380289 0.0203358232846 0.102605374703
1.3621978891 0.135633866624 0.0203346753274 0.102605832463
1.3623984734 0.135638085995 0.0203340061425 0.102607534631
1.3625990576 0.135639980456 0.0203328878379 0.102608415073
1.3627996419 0.135641259104 0.0203317010884 0.102608853823
1.3630002262 0.135642834894 0.0203306315417 0.10260913997
1.3632008104 0.135646337319 0.0203295809004 0.102610739006
1.3634013947 0.135649714835 0.020329016199 0.102612099548
1.363601979 0.135652767112 0.020328093362 0.10261303896
1.3638025632 0.13565503742 0.0203272946445 0.10261430063
1.3640031475 0.135656214243 0.0203259684816 0.102614429981
1.3642037318 0.135659002348 0.0203250965443 0.102615901695
1.364404316 0.135662795191 0.0203243965729 0.10261712255
1.3646049003 0.135666919341 0.0203235328001 0.102618838884
1.3648054846 0.135668673673 0.020322521162 0.102619354405
1.3650060688 0.135671099656 0.0203217709014 0.102620573791
1.3652066531 0.135674413246 0.0203207723433 0.10262184434
1.3654072374 0.135677038858 0.0203199203516 0.102622818486
1.3656078216 0.135679918106 0.0203193066333 0.10262422604
1.3658084059 0.135678120995 0.0203174308295 0.102623191061
1.3660089902 0.135682029644 0.0203168257393 0.102624745451
1.3662095744 0.135684297732 0.0203158849491 0.102625831429
1.3664101587 0.135688431869 0.0203151335355 0.102627359766
1.366610743 0.135693232164 0.0203144961296 0.102629462602
1.3668113272 0.135693028827 0.0203134533711 0.102629448024
1.3670119115 0.135695416058 0.0203122040564 0.102630308411
1.3672124958 0.13569662719 0.0203113270642 0.102630701139
1.36741308 0.135699229687 0.0203103971511 0.102631757196
1.3676136643 0.135702972694 0.0203094735551 0.102633331283
1.3678142486 0.135706595435 0.0203084144794 0.102634539308
1.3680148328 0.135710988 0.0203080153861 0.10263653124
1.3682154171 0.135713975167 0.0203074649849 0.102637841384
1.3684160014 0.135713540198 0.0203058072758 0.102637384138
1.3686165856 0.135716319181 0.0203048919986 0.102638678746
1.3688171699 0.135718443418 0.0203041894933 0.102639416656
1.3690177542 0.1357234643 0.0203032517738 0.1026414656
1.3692183384 0.135726889639 0.0203026265799 0.102643063494
1.3694189227 0.135727144503 0.0203014817565 0.102642883988
1.369619507 0.135729677223 0.0203005373672 0.102644206067
1.3698200912 0.135731676461 0.0202995322259 0.102644791276
1.3700206755 0.135734361018 0.0202984273539 0.102645774074
1.3702212598 0.135738069763 0.0202980636689 0.102647441688
1.370421844 0.135742201009 0.0202971727021 0.102648890196
1.3706224283 0.13574356456 0.0202959779872 0.10264967288
1.3708230126 0.135743570534 0.0202950738482 0.102649557555
1.3710235968 0.135745875249 0.0202940255884 0.102650453144
1.3712241811 0.135750018661 0.0202932426627 0.102652073322
1.3714247654 0.135754469063 0.0202926103145 0.102654065035
1.3716253496 0.135757065648 0.0202918259542 0.102655004444
1.3718259339 0.135760338346 0.0202910113314 0.1026566334
1.3720265182 0.135763183531 0.0202900516404 0.102657411382
1.3722271024 0.135764649163 0.0202890775394 0.102658280592
1.3724276867 0.135765872838 0.0202880362307 0.102658479032
1.372628271 0.135768186984 0.0202866930307 0.102659252213
1.3728288552 0.135770785853 0.0202861415949 0.102660650496
1.3730294395 0.135774413253 0.0202855132344 0.102661898079
1.3732300238 0.135777801156 0.0202846437779 0.102663365664
1.373430608 0.135780031146 0.0202837733665 0.102664346302
1.3736311923 0.135780762794 0.0202825900227 0.102664343733
1.3738317766 0.13578325186 0.020281555186 0.102665582451
1.3740323608 0.135788195516 0.0202809371716 0.102667547406
1.3742329451 0.135790519386 0.0202804676385 0.102668519364
1.3744335294 0.135793491733 0.0202794485195 0.102669575366
1.3746341136 0.135796723913 0.0202786830057 0.102670679442
1.3748346979 0.135798207189 0.0202775539366 0.102671358944
1.3750352822 0.135799475705 0.0202761706519 0.102671666277
1.3752358664 0.135801371076 0.0202756626125 0.102672753116
1.3754364507 0.135804168521 0.0202746803834 0.102673716286
1.375637035 0.135807350816 0.0202736832907 0.102674921889
1.3758376192 0.135808688812 0.0202728533875 0.102675877636
1.3760382035 0.135813784586 0.0202727418497 0.102678333887
1.3762387878 0.135816323424 0.0202712324133 0.102678666907
1.376439372 0.135816361166 0.0202703980577 0.102678670405
1.3766399563 0.135819694228 0.0202692863488 0.102679950841
1.3768405406 0.135821536385 0.0202683475751 0.10268054563
1.3770411248 0.135826114039 0.0202680279444 0.102682635572
1.3772417091 0.135829797285 0.0202672721984 0.102683962536
1.3774422934 0.135831010836 0.0202659366505 0.102684455807
1.3776428776 0.135832095645 0.0202652446351 0.10268498942
1.3778434619 0.13583447897 0.0202642710028 0.102685832998
1.3780440462 0.135836483193 0.0202633477436 0.10268661306
1.3782446304 0.135841053385 0.0202624976824 0.102688312827
1.3784452147 0.135843013048 0.0202616419086 0.102689071503
1.378645799 0.135846219646 0.0202611702584 0.102690426316
1.3788463832 0.13584682274 0.0202596578159 0.102690658766
1.3790469675 0.13584924094 0.0202590576701 0.102691902728
1.3792475518 0.135850752699 0.0202577974136 0.10269203986
1.379448136 0.135856689245 0.0202574325751 0.10269467891
1.3796487203 0.13585958929 0.0202569316925 0.10269594607
1.3798493046 0.135859810558 0.0202555051618 0.10269592017
1.3800498888 0.135861665552 0.020254522941 0.102696633382
1.3802504731 0.135865034545 0.0202539257752 0.102697868252
1.3804510574 0.135866074866 0.0202527063277 0.102698254944
1.3806516416 0.13587075554 0.0202523689358 0.102700235714
1.3808522259 0.135874394149 0.020251321622 0.102701474564
1.3810528102 0.135875977365 0.02025075549 0.102702233479
1.3812533944 0.1358801171 0.0202498338712 0.102704056793
1.3814539787 0.135881608537 0.0202489853377 0.102704544065
1.381654563 0.135881140705 0.0202475872498 0.102704051476
1.3818551472 0.135884307256 0.0202467954839 0.102705495249
1.3820557315 0.13588682369 0.0202463409517 0.102706448976
1.3822563158 0.135890888406 0.0202452220214 0.10270799373
1.3824569 0.135894026276 0.0202446254869 0.102709295427
1.3826574843 0.135896122144 0.0202441652942 0.10271032015
1.3828580686 0.135896294566 0.0202423774331 0.10270993287
1.3830586528 0.135898504833 0.0202415293475 0.10271091906
1.3832592371 0.13590185744 0.0202412124991 0.102712330714
1.3834598214 0.135905547139 0.0202401357953 0.102713694134
1.3836604056 0.135908169954 0.020239671028 0.102714780355
1.3838609899 0.135912910369 0.0202388897731 0.102716792364
1.3840615742 0.135912906675 0.0202380621596 0.102716753225
1.3842621584 0.135915597173 0.0202367172457 0.102717469683
1.3844627427 0.135916746471 0.0202358815399 0.102717770008
1.384663327 0.135918453403 0.020235252901 0.102718875767
1.3848639112 0.135921039749 0.0202345643629 0.10272031692
1.3850644955 0.135924686457 0.0202333542043 0.102720947533
1.3852650798 0.135925691773 0.0202328208073 0.102721868783
1.385465664 0.135930699099 0.0202318396455 0.102723520249
1.3856662483 0.135928881002 0.0202307613696 0.102722757361
1.3858668326 0.135932946697 0.0202298588514 0.10272433421
1.3860674168 0.135936624288 0.0202294295733 0.102725873338
1.3862680011 0.135940674697 0.0202288468152 0.102727547965
1.3864685854 0.135942792516 0.0202275758411 0.102728281358
1.3866691696 0.135943716735 0.0202270826565 0.102728864696
1.3868697539 0.135945139392 0.0202258659589 0.10272905278
1.3870703382 0.13594739036 0.0202251210337 0.10273017005
1.3872709224 0.135948401391 0.0202237759143 0.102730088597
1.3874715067 0.135953769144 0.0202234175537 0.102732370826
1.387672091 0.135957270535 0.02022289238 0.102733984918
1.3878726752 0.135956938599 0.0202217347391 0.102733768189
1.3880732595 0.135957578968 0.0202204941874 0.102733899125
1.3882738438 0.135962735738 0.020220106175 0.102736205965
1.388474428 0.135966628823 0.0202191284031 0.102737324168
1.3886750123 0.135968707562 0.0202187155931 0.10273852974
1.3888755966 0.135970514269 0.0202180125134 0.102739319659
1.3890761808 0.135972958465 0.0202168787529 0.102740197068
1.3892767651 0.135974428412 0.0202161048842 0.102740617425
1.3894773494 0.135975808764 0.0202148390179 0.102741083343
1.3896779336 0.135978063315 0.020214481123 0.102742565246
1.3898785179 0.135982327281 0.0202139293127 0.102743926119
1.3900791022 0.135985825632 0.0202130649711 0.102745315412
1.3902796864 0.135987561951 0.0202120457018 0.102745495507
1.3904802707 0.135989070803 0.0202109409187 0.102746333061
1.390680855 0.135989886622 0.0202098596379 0.102746344966
1.3908814392 0.13599302591 0.0202094718739 0.10274821691
1.3910820235 0.135995385469 0.0202090366966 0.102749263855
1.3912826078 0.135999805103 0.0202078256655 0.102750440072
1.391483192 0.136001153095 0.0202073712615 0.102751368637
1.3916837763 0.136003438503 0.0202057991168 0.102751298493
1.3918843606 0.136004322322 0.0202055709528 0.10275232396
1.3920849448 0.136007050013 0.0202044670341 0.102753462213
1.3922855291 0.136008449561 0.0202038298227 0.102754145111
1.3924861134 0.136012393962 0.0202031306368 0.102755702603
1.3926866976 0.136015671754 0.0202023908733 0.102756584157
1.3928872819 0.136018496049 0.0202011569805 0.102757533076
1.3930878662 0.136019375497 0.0202004928142 0.102757889617
1.3932884504 0.136020817533 0.0201994916631 0.102758826183
1.3934890347 0.136022657029 0.0201990555926 0.102759806127
1.393689619 0.13602526403 0.0201981836802 0.102760699477
1.3938902032 0.13602890694 0.0201969835343 0.102761596803
1.3940907875 0.13603069668 0.0201968514595 0.102762953876
1.3942913718 0.136032125801 0.0201957440629 0.102763675453
1.394491956 0.136036237954 0.0201952302458 0.102764828131
1.3946925403 0.136039189846 0.0201936878932 0.102765667764
1.3948931246 0.136040752129 0.0201931295842 0.10276636013
1.3950937088 0.136042251051 0.0201924683986 0.102767413082
1.3952942931 0.136043931844 0.0201919682264 0.102768147874
1.3954948774 0.136048182066 0.0201913852977 0.102769843017
1.3956954616 0.136050276238 0.0201905468879 0.102771001274
1.3958960459 0.136052442843 0.0201897635846 0.102771660026
1.3960966302 0.136055730098 0.0201889987021 0.102772918748
1.3962972144 0.136058433179 0.0201879597574 0.102773498566
1.3964977987 0.136059188144 0.0201872117359 0.102773902793
1.396698383 0.136060835914 0.0201861671778 0.102774955033
1.3968989672 0.13606406166 0.020185888098 0.102776566056
1.3970995515 0.136067657273 0.0201850635963 0.102777595349
1.3973001358 0.13606937124 0.0201838573204 0.102777900346
1.39750072 0.136070246597 0.0201830910235 0.102778254753
1.3977013043 0.13607299065 0.0201823109065 0.102779502991
1.3979018886 0.136074805952 0.0201815401489 0.102780295818
1.3981024728 0.136079396895 0.0201811809023 0.102782263327
1.3983030571 0.136082077504 0.0201806119706 0.102783588095
1.3985036414 0.136083517358 0.0201798211813 0.102784065974
1.3987042256 0.136083995802 0.0201788002009 0.102784187792
1.3989048099 0.136085703331 0.0201777023157 0.102784715731
1.3991053942 0.13608741487 0.0201767644465 0.102785517892
1.3993059784 0.136091348837 0.0201761497294 0.10278689397
1.3995065627 0.136093629732 0.020175330994 0.10278812595
1.399707147 0.136096947332 0.0201749611032 0.102789319765
1.3999077312 0.136100873201 0.0201741223084 0.102790552492
1.4001083163 0.136102667083 0.0201735173109 0.102791547497
1.400308902 0.136104605363 0.0201726575453 0.102792379611
1.4005094877 0.136105817044 0.020172039383 0.102793048914
1.4007100734 0.13610953761 0.0201712108302 0.102794439155
1.4009106591 0.136108200023 0.0201696988122 0.102793707046
1.4011112448 0.13611220447 0.020169002204 0.102794961212
1.4013118305 0.136114891274 0.0201688358088 0.102796963286
1.4015124163 0.136116205874 0.0201679890599 0.102797396673
1.401713002 0.136120327432 0.0201673171551 0.102799277019
1.4019135877 0.136122281087 0.0201662642126 0.102799541024
1.4021141734 0.136125939163 0.02016583817 0.102801157703
1.4023147591 0.136127202324 0.0201649659627 0.102801524923
1.4025153448 0.136127810243 0.0201640505553 0.102801554301
1.4027159305 0.136130156698 0.0201631646965 0.102802961338
1.4029165162 0.136132601624 0.0201626443886 0.102804173972
1.4031171019 0.136135227901 0.0201620780438 0.102805211087
1.4033176876 0.136139367552 0.0201612842939 0.102806922154
1.4035182724 0.136141671552 0.0201606301846 0.1028073452
1.4037188497 0.136144647737 0.0201596519493 0.102808540945
1.4039194271 0.136145247234 0.0201590664612 0.102809188284
1.4041200045 0.136148105689 0.0201582080147 0.102810220354
1.4043205818 0.136151887455 0.0201577199585 0.102811629082
1.4045211592 0.136151628695 0.0201568950083 0.102811976994
1.4047217366 0.136154499811 0.0201554525108 0.102812419878
1.404922314 0.136154733101 0.0201549706402 0.102812825907
1.4051228913 0.136157988324 0.0201542175918 0.102814241297
1.4053234687 0.136160153904 0.0201536941788 0.102815310875
1.4055240461 0.136165875848 0.0201534526677 0.102817835571
1.4057246235 0.136168091044 0.0201524129328 0.102818359284
1.4059252008 0.136168605098 0.0201517049362 0.102818723757
1.4061257782 0.136172117674 0.0201506105206 0.102819692915
1.4063263556 0.136173666492 0.0201500604912 0.102820642531
1.4065269329 0.136174727743 0.0201495563186 0.102821311579
1.4067275103 0.136178871054 0.0201488668538 0.102822855991
1.4069280877 0.136181629769 0.0201478215783 0.102823802061
1.4071286651 0.136182891351 0.0201470959758 0.102824533526
1.4073292424 0.136184504749 0.0201462475268 0.102825095634
1.4075298198 0.136186651311 0.020145965215 0.102826746936
1.4077303972 0.136190626995 0.020145443588 0.102828291805
1.4079309745 0.136193043259 0.0201444955147 0.102828959059
1.4081315519 0.136195505277 0.020143881939 0.10282991473
1.4083321293 0.136197224609 0.0201426850862 0.102830266765
1.4085327067 0.136198370501 0.02014233991 0.102831001263
1.408733284 0.13620170236 0.0201419624123 0.102832722503
1.4089338614 0.136204464076 0.0201409429407 0.102833755569
1.4091344388 0.136207083617 0.0201399494646 0.10283428982
1.4093350162 0.136208878519 0.0201391290382 0.102835013159
1.4095355935 0.136209340041 0.0201386059784 0.102835656491
1.4097361709 0.136211843856 0.0201380720108 0.102837088783
1.4099367483 0.136214056851 0.0201372291636 0.102837861504
1.4101373256 0.136216226645 0.0201367772098 0.102838940852
1.410337903 0.136220145321 0.020135737667 0.10283994074
1.4105384804 0.13622342051 0.0201352861409 0.102841551616
1.4107390578 0.136225535132 0.0201343686297 0.102842034351
1.4109396351 0.136227189684 0.0201341895887 0.102843238572
1.4111402125 0.136229499532 0.0201327581794 0.102843792321
1.4113407899 0.13623004293 0.0201322071268 0.10284422265
1.4115413673 0.136233092541 0.0201317847922 0.10284579887
1.4117419395 0.136236051721 0.0201312838143 0.10284709286
1.4119425078 0.136239925265 0.0201306108416 0.102848836145
1.4121430761 0.136241305024 0.0201295810544 0.10284904154
1.4123436443 0.136244364283 0.0201286743353 0.102850028966
1.4125442126 0.136246144845 0.0201279950425 0.102850736173
1.4127447809 0.136247029976 0.0201273567645 0.102851135563
1.4129453491 0.136248214189 0.0201267807405 0.102852050821
1.4131459174 0.136251140752 0.0201262221065 0.102853464928
1.4133464857 0.136254657609 0.0201257283586 0.102854932293
1.4135470539 0.136257994926 0.0201248855643 0.102856096856
1.4137476222 0.136260526895 0.0201241968038 0.102856968878
1.4139481905 0.136261169531 0.0201229302401 0.102857113537
1.4141487587 0.13626300829 0.0201223447498 0.10285771612
1.414349327 0.1362653786 0.0201217600978 0.102859008
1.4145498953 0.136267262548 0.0201210472229 0.102859699266
1.4147504635 0.136269615139 0.0201207524983 0.102860991121
1.4149510318 0.136274806648 0.0201201181589 0.102862727992
1.4151516001 0.136275335061 0.0201193751645 0.102863521047
1.4153521683 0.136279001836 0.0201183934684 0.102864413821
1.4155527366 0.136280446225 0.0201172867051 0.10286492457
1.4157533049 0.136281509858 0.0201165566368 0.102865569618
1.4159538731 0.136283328351 0.0201161928211 0.102866711956
1.4161544414 0.136288217992 0.0201158947113 0.102868457516
1.4163550097 0.136289857892 0.0201151887857 0.102869434175
1.4165555779 0.136289348008 0.0201139767999 0.102868951599
1.4167561462 0.136292552442 0.0201132114329 0.102870161428
1.4169567145 0.136295337149 0.020112919345 0.102871620526
1.4171572828 0.136297499066 0.0201119718289 0.102872118417
1.417357851 0.136302317843 0.0201115879439 0.102874440569
1.4175584193 0.136304301505 0.0201113027495 0.102875409828
1.4177589876 0.136304661858 0.0201104381567 0.102875672566
1.4179595558 0.136306430999 0.0201091687469 0.102876105296
1.4181601241 0.136309042124 0.0201086237641 0.102877185333
1.4183606924 0.136312889018 0.0201083853421 0.102878789479
1.4185612606 0.136316415838 0.020107487494 0.102880386956
1.4187618289 0.136317836087 0.0201069733112 0.102881013458
1.4189623972 0.136317918794 0.0201057377981 0.102880940792
1.4191629654 0.136319902338 0.0201053731999 0.10288192223
1.4193635301 0.136323298778 0.0201047399296 0.102883105738
1.4195640884 0.136327637225 0.0201042969965 0.102885077881
1.4197646467 0.136327940408 0.0201034004976 0.102885389383
1.419965205 0.136329542336 0.0201026508792 0.102885876666
1.4201657633 0.13633075167 0.0201017879253 0.102886321424
1.4203663216 0.136335949569 0.0201016369057 0.102888789102
1.4205668799 0.136337783099 0.0201010948239 0.102889625081
1.4207674382 0.136341560496 0.0201003060335 0.102890974271
1.4209679965 0.136342722679 0.0200992633244 0.10289103664
1.4211685548 0.136345637007 0.0200987831612 0.102892348007
1.4213691131 0.136346316559 0.0200978237306 0.102892683005
1.4215696714 0.136348130756 0.0200972746158 0.102893319598
1.4217702297 0.136349736926 0.0200966805356 0.102894575589
1.421970788 0.136351592493 0.0200962786158 0.102895684572
1.4221713463 0.136354036995 0.0200955232248 0.102896709046
1.4223719046 0.136357610314 0.0200951811598 0.102898288482
1.4225724629 0.136360913189 0.0200941567257 0.102898871132
1.4227730212 0.136363212967 0.0200937894581 0.102900416939
1.4229735795 0.13636553488 0.0200927133625 0.102900812664
1.4231741378 0.136367047645 0.0200917620152 0.102901236089
1.4233746961 0.13636905688 0.0200911741215 0.102902062165
1.4235752544 0.136370856064 0.0200908199132 0.10290353858
1.4237758127 0.13637356132 0.0200898161369 0.102904030819
1.423976371 0.136373651909 0.0200897455503 0.102904985682
1.4241769293 0.136379431156 0.0200890348236 0.102907062119
1.4243774876 0.136381331455 0.0200880582527 0.10290742926
1.4245780459 0.136384141272 0.020087745929 0.10290883715
1.4247786042 0.13638494113 0.0200867915598 0.102909264998
1.4249791625 0.136385338814 0.0200858604842 0.102909214464
1.4251797208 0.136387953326 0.0200854727184 0.102910466633
1.4253802791 0.136391797512 0.0200849036275 0.102911925248
1.4255808374 0.13639569823 0.0200843401578 0.102913739648
1.4257813957 0.13639699779 0.0200836066404 0.102914005435
1.425981954 0.136398882248 0.0200825994867 0.102914678022
1.4261825123 0.136399241754 0.0200822659017 0.102915560064
1.4263830706 0.13640265418 0.0200818966887 0.102916810353
1.4265836289 0.136405654807 0.0200810794688 0.102918033619
1.4267841872 0.136408577496 0.0200808036971 0.102919439643
1.4269847422 0.136410842333 0.020079810927 0.102919966828
1.4271852895 0.136412101607 0.0200786675476 0.10292016761
1.4273858368 0.136413846773 0.0200780922019 0.102921001775
1.4275863841 0.136415194298 0.0200777217719 0.102922073543
1.4277869313 0.136418617476 0.0200770872989 0.102923667446
1.4279874786 0.136421141102 0.0200765603919 0.102924514089
1.4281880259 0.136425476456 0.0200756105796 0.102925835114
1.4283885732 0.136424691633 0.0200749212902 0.102925522139
1.4285891205 0.136426587261 0.0200744038776 0.102926748296
1.4287896678 0.136429963639 0.0200736394703 0.102928068119
1.4289902151 0.136432445235 0.0200732761626 0.102929135526
1.4291907624 0.136434858661 0.0200723079866 0.102929809945
1.4293913097 0.136437457385 0.0200718024534 0.102930816913
1.429591857 0.136438626468 0.0200711214981 0.102931392804
1.4297924043 0.136440523289 0.0200702861931 0.102932185666
1.4299929516 0.136442355137 0.0200704285582 0.102933790348
1.4301934988 0.136447026294 0.0200692014497 0.10293512682
1.4303940461 0.136447156229 0.0200687559873 0.102935312932
1.4305945934 0.136448921139 0.0200678308582 0.102935992994
1.4307951407 0.136451611532 0.0200674263456 0.102937176903
1.430995688 0.136454156555 0.0200663564101 0.102938159892
1.4311962353 0.136457246972 0.0200663416719 0.102939604936
1.4313967826 0.13646047296 0.0200656983929 0.10294077624
1.4315973299 0.136461566943 0.0200649105949 0.102941300968
1.4317978772 0.136462192762 0.020064470839 0.102941874088
1.4319984245 0.136466099638 0.0200636471782 0.102943356083
1.4321989718 0.136466626042 0.020062530384 0.102943118448
1.432399519 0.136468559724 0.0200619728182 0.102944181377
1.4326000663 0.136471503195 0.0200615680819 0.102945447418
1.4328006136 0.136476709272 0.0200611183811 0.102947521862
1.4330011609 0.136478094542 0.0200607401094 0.102948457316
1.4332017082 0.136480930455 0.0200598772308 0.102949364266
1.4334022555 0.136480663141 0.020058973623 0.10294940139
1.4336028028 0.136482757273 0.0200581359615 0.10295033547
1.4338033501 0.136484052238 0.0200576485385 0.102950875865
1.4340038974 0.13648746468 0.0200572847179 0.1029520969
1.4342044447 0.13649149357 0.0200566378316 0.102953559576
1.434404992 0.136495082112 0.0200565208391 0.10295556937
1.4360486914 0.136348404682 0.0199363259856 0.102858655131
1.4380661569 0.136363118398 0.0199397320016 0.102858882514
1.440083546 0.136378768049 0.0199361250704 0.102858416864
1.442100935 0.136397786541 0.0199313735499 0.102860779272
1.444118324 0.13641841453 0.0199281203955 0.102867008991
1.446135713 0.136440802037 0.0199265090026 0.102876722678
1.4481531021 0.136464704703 0.0199257780246 0.102888417858
1.4501704911 0.136490270215 0.019925243176 0.102901694224
1.4521878801 0.136516687457 0.0199246032594 0.102915658046
1.4542052691 0.136543219587 0.0199237214994 0.102929682375
1.4562226582 0.136569912807 0.0199226765766 0.102943831222
1.4582400472 0.136596018621 0.0199214203754 0.102957384276
1.4602574362 0.136621909632 0.0199199775918 0.102970655052
1.4622748252 0.136646998582 0.0199183539256 0.10298329099
1.4642922143 0.136671133578 0.0199165088563 0.102995154541
1.4663096033 0.136695387357 0.0199146146932 0.103006878441
1.4683269923 0.136718617758 0.0199125754871 0.103017693043
1.4703443813 0.136741034244 0.0199104496479 0.103027845693
1.4723617704 0.136763710398 0.0199083234611 0.103038167469
1.4743791594 0.136785163745 0.0199061159484 0.103047746696
1.4763965484 0.13680697774 0.0199039300226 0.103057621011
1.4784139374 0.136828306307 0.0199017069515 0.103067241764
1.4804313265 0.136849303672 0.0198994922132 0.103076758828
1.4824487155 0.136870128889 0.0198972725889 0.103086272972
1.4844661045 0.136890746621 0.0198950421929 0.103095685681
1.4864834935 0.136911266686 0.0198928475405 0.103105204175
1.4885008826 0.136931780369 0.0198906289243 0.103114850906
1.4905182716 0.136951911792 0.0198884224364 0.103124298723
1.492528667 0.136971998149 0.0198863012576 0.103133826461
1.4945370898 0.136991889925 0.0198840741938 0.103143051576
1.4965455127 0.137011404476 0.0198818075464 0.103151982864
1.4985539355 0.137030846764 0.0198795353486 0.103160945058
1.5005647438 0.137049882375 0.0198770004128 0.10316944918
1.5025816862 0.137069521118 0.0198748147263 0.103178457672
1.5045986285 0.137088371157 0.0198724073748 0.103186816517
1.5066155708 0.137107526505 0.0198700310648 0.1031954571
1.5086325131 0.137125872098 0.019867530846 0.103203194742
1.5106494554 0.137144208798 0.0198650053358 0.103210944922
1.5126663977 0.137162427574 0.0198624668029 0.103218537077
1.5146833401 0.137180554079 0.0198598889115 0.103226064065
1.5167002824 0.137198234378 0.0198572257493 0.10323314632
1.5187172247 0.137216073921 0.0198546402651 0.103240388772
1.520734167 0.137233631539 0.0198519684442 0.103247462996
1.5227503046 0.137250855052 0.0198492651401 0.103254163223
1.5247662152 0.137268131362 0.0198465728608 0.103261049548
1.5267821259 0.137285390718 0.019843846119 0.103267929144
1.5287980365 0.137302361402 0.0198411368005 0.103274559339
1.5308139471 0.137319199846 0.0198383845983 0.103281049146
1.5328298578 0.137336371101 0.0198356874268 0.103287992222
1.5348457684 0.137353232758 0.0198329508434 0.103294627072
1.536861679 0.137370008861 0.0198302521658 0.10330117866
1.5388775897 0.137387068698 0.019827560272 0.103308139182
1.5408935003 0.137403693043 0.0198248791596 0.103314765631
1.5429094109 0.137420526367 0.0198222039066 0.103321503466
1.5449253216 0.137437074739 0.0198195440676 0.103328112613
1.5469412322 0.137453756318 0.0198168952484 0.103334841308
1.5489571428 0.137470440285 0.0198142594311 0.103341583501
1.5509730534 0.137487063132 0.0198116513425 0.103348428547
1.5529889641 0.137503559296 0.0198090475073 0.10335505681
1.5550048747 0.137520246545 0.0198064803268 0.103362052526
1.5570207853 0.137536634707 0.0198038799246 0.103368693505
1.559036696 0.137553198333 0.0198013540923 0.103375734855
1.5610526066 0.137569690628 0.0197988073303 0.103382592162
1.5630685172 0.137586135992 0.0197963116406 0.10338953171
1.5650844279 0.137602605248 0.0197937956724 0.103396498364
1.5671003385 0.137618665222 0.0197913048086 0.10340320096
1.5691162491 0.137635135134 0.0197888642622 0.103410286077
1.5711321598 0.137651214346 0.0197864157179 0.103417064753
1.5731480704 0.137667373249 0.0197839540522 0.103423945993
1.575163981 0.137683652428 0.0197815701329 0.103431059647
1.5771798917 0.137699552889 0.0197791591132 0.103437790014
1.5791958023 0.137715630475 0.0197767858705 0.103444872172
1.5812117129 0.137731532378 0.0197743977528 0.10345163091
1.5832276235 0.137747609698 0.0197720809961 0.103458760952
1.5852435342 0.137763286985 0.0197697345244 0.103465471917
1.5872594448 0.137779126885 0.0197674247112 0.103472518742
1.5892753554 0.137794783194 0.0197650989926 0.103479237115
1.5912912661 0.137810604546 0.0197628420814 0.103486312442
1.5933071767 0.1378260316 0.0197605550217 0.10349296948
1.5953230873 0.137841609026 0.0197583030199 0.103499916247
1.597338998 0.137857056101 0.0197560470338 0.103506695317
1.5993549086 0.13787255925 0.0197538382258 0.103513598057
1.6013704152 0.137887788715 0.0197516147649 0.103520148797
1.6033857316 0.137902931513 0.0197494008997 0.103526941556
1.605401048 0.137918273889 0.0197471827739 0.10353379014
1.6074163644 0.137933181194 0.0197450228113 0.103540294741
1.6094316808 0.13794826479 0.0197428456019 0.103546940777
1.6114469972 0.137963389462 0.0197407265853 0.103554002334
1.6134623136 0.137978357287 0.0197384584995 0.103560425668
1.61547763 0.137992986092 0.0197362385727 0.103566807743
1.6174929464 0.138008111912 0.019734014223 0.103573566414
1.6195082628 0.138023005766 0.0197317860253 0.103580240674
1.6215235792 0.13803770896 0.0197295532809 0.103586741897
1.6235388956 0.138052646893 0.0197273715043 0.103593452442
1.625554212 0.138066989509 0.0197251609187 0.103599704194
1.6275695284 0.138081418121 0.0197229464852 0.103606102442
1.6295848448 0.138096010368 0.0197207517296 0.103612649932
1.6316001612 0.13811000775 0.0197185419118 0.103618664896
1.6336154776 0.138124460657 0.0197163815335 0.103625067856
1.635630794 0.138138352622 0.0197141791768 0.103631134297
1.6376461104 0.138152711248 0.0197120007037 0.103637449721
1.6396614268 0.138166706032 0.0197098808504 0.103643703479
1.6416767432 0.138180435616 0.0197076710508 0.103649620845
1.6436920597 0.13819486192 0.0197055521746 0.103656143587
1.6457073761 0.138208346942 0.0197033690773 0.103661918681
1.6477226925 0.138222397453 0.0197012456623 0.103668223713
1.6497380089 0.138235681477 0.0196990915437 0.103673861748
1.6517533253 0.138249750543 0.0196969535527 0.103680166635
1.6537686417 0.138262822608 0.0196948036745 0.103685737545
1.6557839581 0.13827669386 0.0196926806476 0.103691891052
1.6577991594 0.13829045364 0.0196907234714 0.103698131635
1.6598125583 0.138303838609 0.0196884876477 0.103703955321
1.6618259572 0.138316808315 0.0196863660949 0.103709445863
1.6638393561 0.138330520421 0.0196842912095 0.103715687335
1.665852755 0.138343569484 0.0196821979608 0.103721149425
1.6678661538 0.138356462892 0.0196800560523 0.103726727394
1.6698795527 0.138370051438 0.0196780152354 0.103732903646
1.6718929516 0.138383335742 0.0196759794077 0.103738816427
1.6739063505 0.138396288867 0.0196739301475 0.10374440929
1.6759197494 0.138409161638 0.0196718586917 0.10374998712
1.6779331483 0.138422294975 0.0196698159158 0.103755819441
1.6799465471 0.138435194749 0.0196677781974 0.103761633946
1.681959946 0.138448069642 0.0196657224404 0.10376712952
1.6839733449 0.13846088196 0.0196637205237 0.103772770954
1.6859867438 0.138473632603 0.0196617263507 0.10377847144
1.6880001427 0.138486356038 0.0196596895061 0.103783886924
1.6900135415 0.138499064496 0.0196576952218 0.103789490721
1.6920269404 0.138511691215 0.0196557201211 0.103795057976
1.6940403393 0.138524275256 0.0196537239739 0.103800589571
1.6960537382 0.138536847919 0.0196517653744 0.103806184767
1.6980671371 0.13854929677 0.019649822942 0.103811589783
1.7000805802 0.138561879754 0.0196477937341 0.103817146975
1.7020950846 0.138573880366 0.0196458726227 0.103822276713
1.704109589 0.13858638929 0.0196439522031 0.103827784795
1.7061240935 0.138598760438 0.0196420329422 0.103833315995
1.7081385979 0.138610801621 0.0196400867674 0.103838463784
