1.0004339022 2.72120876608 0.579654041582 0.706379748535
1.001880243 2.72128334324 0.579532642495 0.706342652882
1.0033265233 2.72135707869 0.579412227991 0.706305575329
1.0047724323 2.72142914096 0.579292849257 0.706268818195
1.0062183413 2.72149972409 0.579174213469 0.706232113232
1.0076642503 2.72156924291 0.579056570508 0.706195638502
1.0091101594 2.72163760896 0.578939874041 0.706159328653
1.0105560684 2.72170490995 0.578824243183 0.706123304291
1.0120019774 2.72177094898 0.578710243482 0.70608874765
1.0134478864 2.72183594721 0.578596544188 0.706053031361
1.0148937562 2.7218999269 0.578483874824 0.706017700146
1.0163391747 2.72196188536 0.57837190784 0.70598223121
1.0177845933 2.72202320296 0.578261064606 0.705947136892
1.0192300118 2.72208345739 0.578151170173 0.705912240024
1.0206754303 2.72214254276 0.578042253744 0.705877582875
1.0221208489 2.7222005037 0.577934279612 0.705843136836
1.0235662674 2.72225738149 0.577827222842 0.705808902962
1.025011686 2.72231321892 0.577721095713 0.705774910869
1.0264571045 2.7223680005 0.577615905947 0.705741177761
1.0279025231 2.72242167615 0.577511597797 0.705707640003
1.0293479416 2.72247446484 0.57740823756 0.705674371457
1.030793097 2.72252575255 0.577305780169 0.705641520684
1.0322379175 2.722576589 0.577204055835 0.705608380433
1.0336827381 2.72262612944 0.577103290666 0.705575724801
1.0351275586 2.72267503394 0.577003435189 0.705543302977
1.0365723791 2.72272283167 0.57690438801 0.705511040136
1.0380171996 2.72276970186 0.576806228549 0.705479043236
1.0394620202 2.72281564428 0.576708911034 0.705447241523
1.0409068407 2.7228607189 0.576612459297 0.705415658593
1.0423516612 2.72290498417 0.576516872045 0.705384294756
1.0437964817 2.72294840449 0.57642208565 0.70535308783
1.0452413022 2.72299115097 0.576327621051 0.705321748692
1.0466861228 2.72303283726 0.576234031964 0.705290647593
1.0481309433 2.72307357054 0.576141340718 0.705259833888
1.0495757638 2.72311341427 0.576049513476 0.705229358443
1.0510205843 2.72315240678 0.575958459549 0.705199253012
1.0524654048 2.72319026693 0.575868094796 0.705169330049
1.0539102254 2.72322743308 0.575778380395 0.705139624606
1.0553547316 2.72326533852 0.575689889616 0.705110858375
1.0567986277 2.72330156973 0.575601697156 0.705081823214
1.0582425239 2.72333788763 0.575514436724 0.705053249458
1.05968642 2.72337384467 0.575427968684 0.705024977704
1.0611303161 2.72340944015 0.575342117326 0.704996789218
1.0625742123 2.72344553901 0.575257403151 0.704969099691
1.0640181084 2.72348146485 0.575173226695 0.704941465203
1.0654620045 2.72351723265 0.575089957772 0.704914100911
1.0669059007 2.72355281873 0.575007424547 0.704886916827
1.0683497968 2.72358812607 0.574925742448 0.70486000315
1.0697936929 2.72362307733 0.574844917102 0.704833364222
1.071237589 2.72365761278 0.574764826894 0.704806944483
1.0726814852 2.72369159849 0.574685569798 0.704780815886
1.0741253813 2.72372507263 0.574607055346 0.704754935199
1.0755692774 2.72375775191 0.574529445342 0.704729360218
1.0770131736 2.72378994656 0.574452583733 0.704704091808
1.0784570697 2.72382212973 0.574376624431 0.704679641395
1.0799009658 2.72385291512 0.57430140464 0.704654923773
1.0813448174 2.72388609761 0.574227184426 0.704631144444
1.0827864853 2.72391177565 0.574152845486 0.704605979857
1.0842281532 2.72394048235 0.574079962043 0.704582045155
1.0856698211 2.72396835997 0.574007951776 0.704558389146
1.087111489 2.72399557131 0.573936583978 0.704534938814
1.0885531569 2.72402203204 0.573865952727 0.70451178101
1.0899948248 2.72404817819 0.573796112298 0.704488995321
1.0914364927 2.72407351902 0.573726879349 0.70446639397
1.0928781606 2.72409814871 0.573658298729 0.704444007057
1.0943198285 2.72412219008 0.57359037804 0.70442183217
1.0957614964 2.72414579443 0.573523053847 0.70439985362
1.0972031643 2.72416875119 0.573456531264 0.704378154429
1.0986448322 2.72419140728 0.573390573949 0.704356619132
