1.5004782609 2.81604795412 0.50731979111 0.55057042328
1.5015652078 2.81610492296 0.507286924229 0.550568198258
1.5026519244 2.81615810364 0.507252857474 0.550564499732
1.5037386411 2.81621378282 0.507221348387 0.550563360219
1.5048253577 2.81626752092 0.507188371625 0.550560414141
1.5059120743 2.81631858915 0.507155564184 0.550556965837
1.5069987909 2.81637192555 0.507122459922 0.550553633763
1.508085309 2.81642420538 0.507089989714 0.550550533753
1.5091717711 2.81647566824 0.507058256037 0.550547883121
1.5102582331 2.8165269053 0.507025823723 0.550544468726
1.5113446952 2.81657855163 0.506993933584 0.550541480599
1.5124311573 2.816629157 0.506961780436 0.550537896226
1.5135176194 2.81667925516 0.506930837137 0.550535402371
1.5146038085 2.81672874214 0.506899829371 0.550532719196
1.5156899977 2.81677861459 0.506869066354 0.550529752795
1.5167761868 2.81682737348 0.506836870891 0.55052554431
1.517862376 2.81687494956 0.506805162337 0.550521355583
1.5189485651 2.81692489959 0.506776893399 0.550520904289
1.5200347543 2.81697254116 0.506746327019 0.550517627124
1.5211207773 2.81701841411 0.506714828974 0.550513156741
1.5222066696 2.81706605574 0.506685857818 0.550510843409
1.523292562 2.81711252486 0.506655189671 0.550507119705
1.5243784544 2.81715838683 0.506624802106 0.550503441896
1.5254643468 2.81720399063 0.506595766776 0.550500628605
1.5265502392 2.8172497361 0.506566619216 0.55049769033
1.5276361316 2.81729429306 0.506536485149 0.550493643379
1.5287219317 2.81733977224 0.506507954876 0.550490830974
1.5298074947 2.81738395041 0.506478696947 0.55048739291
1.5308930578 2.81742793429 0.506450275156 0.550484424731
1.5319786208 2.81747190139 0.506421493278 0.550481148379
1.5330641838 2.81751508987 0.50639300759 0.550477734104
1.5341497468 2.81755881967 0.506365729707 0.550475421037
1.5352353099 2.81760064241 0.506336721527 0.550471229457
1.5363208729 2.81764222427 0.506308502473 0.550467578595
1.5374064359 2.81768450277 0.506281612749 0.550465085691
1.5384916968 2.81772558519 0.506252659452 0.550460581206
1.5395768821 2.8177675902 0.506225662052 0.550457795977
1.5406620674 2.81780853165 0.50619847527 0.550454570025
1.5417472527 2.81784857142 0.506170844669 0.55045088001
1.542832438 2.81788848965 0.506143922602 0.550447490195
1.5439176233 2.81792874391 0.506116974246 0.550444201264
1.5450028086 2.81796805877 0.506090315315 0.550440788831
1.5460879939 2.81800700862 0.506062897457 0.5504367433
1.5471731792 2.81804631007 0.506036799017 0.550433709094
1.5482583645 2.81808550862 0.506011135141 0.550430831069
1.5493432927 2.81812328214 0.505984093465 0.55042659096
1.5504280187 2.81816160109 0.505958407322 0.550423536612
1.5515127448 2.81819858002 0.505932306155 0.550419409413
1.5525974709 2.81823606177 0.505906503265 0.550416364845
1.5536821969 2.81827308801 0.505880575752 0.550412708633
1.554766923 2.81830983567 0.505855293603 0.550409340308
1.5558516491 2.81834710088 0.505830298341 0.55040620573
1.5569363751 2.81838063186 0.505801224945 0.550399153632
1.5580211012 2.81841817872 0.505779606338 0.550398827422
1.5591058273 2.81845368605 0.505754470175 0.55039512442
1.5601905533 2.81848913999 0.505729438657 0.550391528471
1.5612752794 2.81852417688 0.505704983492 0.550388211866
1.5623600055 2.81855890809 0.505680811612 0.550384863835
1.5634445909 2.81859378221 0.5056560132 0.550381079147
1.5645286778 2.81862674466 0.505630806144 0.550376615967
1.5656127647 2.81866115625 0.505607385417 0.55037373022
1.5666968515 2.81869407448 0.50558195756 0.55036897236
1.5677809384 2.81872800675 0.505559879643 0.550366893324
1.5688650252 2.81876038877 0.505535268365 0.550362558432
1.5699491121 2.81879303079 0.505512466809 0.5503596801
1.571033199 2.81882535316 0.50548864378 0.550355817649
1.5721172858 2.81885755965 0.505465634295 0.550352528414
1.5732013727 2.81888900453 0.505441292164 0.55034799295
1.5742854596 2.81892066785 0.505418340095 0.550344594103
1.5753695464 2.81895189167 0.505394710341 0.550340494749
1.5764536333 2.81898317013 0.505372831922 0.550337636772
1.5775377202 2.81901408848 0.505350091823 0.550334105004
1.578621807 2.81904421404 0.505326192608 0.550329362017
1.5797058939 2.81907452759 0.505304285216 0.550326207281
1.5807899808 2.81910449569 0.50528238937 0.5503229839
1.5818740676 2.81913436584 0.505259490106 0.550318904729
1.5829581545 2.81916410532 0.505237863533 0.55031569055
1.5840422414 2.81919324788 0.505215421851 0.550311708726
1.5851263282 2.81922234368 0.505193560798 0.550308072427
1.5862091945 2.81925155091 0.505171036052 0.550303779492
1.5872916753 2.81927940369 0.505150615219 0.550301112287
1.5883741561 2.81930740591 0.505128542299 0.550297054177
1.5894566369 2.81933576977 0.50510699024 0.550293361336
1.5905391177 2.81936294221 0.505085189295 0.550289243135
1.5916215985 2.81939121634 0.505064591735 0.55028614709
1.5927040793 2.81941847816 0.505042882354 0.550281991225
1.5937865602 2.81944526897 0.505022105579 0.55027846601
1.594869041 2.81947198124 0.505001348217 0.55027486513
1.5959515218 2.81949917745 0.50498047546 0.550271181724
1.5970340026 2.81952480918 0.50496018661 0.550267680332
1.5981164834 2.81955160373 0.504939901953 0.550264309152
1.5991989642 2.81957774928 0.504918740857 0.550260081934
