0.0012798387847 2.88929522598 1.81236148421 1.68651437454
0.0026938045692 2.86925787799 1.75680544223 1.6488922973
0.0041319789197 2.86406218599 1.73463013348 1.62683358083
0.0055976248787 2.86067705739 1.71308897378 1.60711708568
0.0070925905775 2.86755763564 1.69608081826 1.59609261589
0.0086117053151 2.87850364189 1.68235103807 1.58905062246
0.010147344376 2.88879376297 1.67161917201 1.58392953672
0.011693503178 2.89453485637 1.66102105241 1.57686970388
0.013246909267 2.89607598353 1.65077578318 1.56780663809
0.01480636659 2.89299117312 1.6401872963 1.55608839023
0.016371947308 2.88531278631 1.62788961199 1.54062313311
0.017944431665 2.87336874213 1.61270381808 1.52098911128
0.019524640862 2.85554862145 1.59173818157 1.49460778025
0.021113351016 2.82960079939 1.56169752147 1.45839051106
0.022711127982 2.7989730089 1.52657545474 1.41749393688
0.024318329248 2.77022952804 1.49396150311 1.38066095596
0.025934979698 2.74850719111 1.46860528115 1.35291624182
0.027560498113 2.73213889518 1.4487407243 1.33178188826
0.02919401644 2.71966356799 1.43277955232 1.31527350813
0.030834612451 2.70840583719 1.41852230978 1.30088617123
0.032480355232 2.69758261861 1.40491639793 1.28749009053
0.034123557238 2.68618037689 1.39101551403 1.27392300093
0.035763513243 2.67494175838 1.3774381222 1.26081930656
0.037400806518 2.66362606773 1.36396640514 1.24779708258
0.039035958647 2.65225229522 1.35049371613 1.2346375707
0.040669372691 2.64139391008 1.33729941274 1.22161917432
0.042301375427 2.63016969677 1.32392830461 1.20815127088
0.043932189707 2.61930240732 1.3108624129 1.19484997041
0.045562083257 2.60841144939 1.29783827376 1.1813546547
0.047191242965 2.59787961763 1.28503978316 1.16796520246
0.048819788683 2.58775803491 1.27256181302 1.15484551115
0.050447796158 2.57821774479 1.26051791801 1.14217194969
0.05207531799 2.5691040696 1.24896259095 1.13000228443
0.053702400003 2.56061262173 1.23797061629 1.11846828484
0.055329057417 2.55253719422 1.22741086715 1.1074264023
0.05695532933 2.54500612292 1.21741280661 1.09705036493
0.058581228841 2.53798759899 1.20794036825 1.08732099171
0.060206781094 2.53139267678 1.19888100929 1.07810968639
0.061832008986 2.52521265208 1.1902492126 1.06942585812
0.063456921076 2.51949386148 1.18203448312 1.06126178207
0.065081547737 2.51414866218 1.17418008686 1.05355035474
0.066705883156 2.50931078578 1.16674193544 1.04633539867
0.068329931197 2.50473645528 1.15958199321 1.03946346674
0.069953693341 2.50063013597 1.15280273088 1.03304037711
0.071577139179 2.49684678294 1.14631706417 1.02695578242
0.073200257767 2.49338262495 1.14013368251 1.02121593194
0.074822991238 2.49079990477 1.13452896588 1.01614567223
0.076445244213 2.48802629801 1.1289549116 1.01107594578
0.078066955517 2.48543421764 1.12355435294 1.00617545511
0.079688091067 2.48305514384 1.11835579626 1.00147929496
0.081308624069 2.48080843454 1.11329209352 0.996910218314
0.082928530075 2.47872969099 1.10838598462 0.992500868703
0.084547781993 2.47682749121 1.10362647118 0.988235489762
0.086166362672 2.47498900562 1.09894753706 0.984044489686
0.087784239691 2.47329027129 1.09439589608 0.979980305519
0.089401395659 2.47174351688 1.08996769929 0.976041637432
0.091017800391 2.47028598326 1.08562756101 0.972189186181
0.092633433754 2.4689151902 1.08137298019 0.96842372348
0.09424827039 2.46772588728 1.07726713233 0.964819274658
0.095862282225 2.46659037461 1.07322018666 0.96127173923
0.097475448784 2.4655806452 1.06928771404 0.957846141432
0.099087744331 2.4646652952 1.06544634011 0.95451762425
0.10069915335 2.46385128102 1.06169406855 0.951287289751
0.10230965504 2.4631349987 1.05802555376 0.948145974422
0.10391923896 2.46250830435 1.05444551555 0.945100365799
0.1055278737 2.46197257422 1.05094339136 0.942141068089
0.10713554861 2.46152477785 1.04752607583 0.939273669736
0.10874224516 2.46117158751 1.04419457017 0.936500599995
0.11034794208 2.46085143696 1.04091068161 0.933778726302
0.11195262593 2.46064661658 1.03771185289 0.931150001875
0.11355628055 2.46049547351 1.03458088077 0.928596609245
0.11515889503 2.46040631981 1.03150827333 0.926105766238
0.11676045841 2.46037556984 1.02850039107 0.923685366326
0.11836095697 2.46040623816 1.0255486007 0.921327211745
0.11996038231 2.4604885232 1.02264922776 0.919024898631
0.1215587206 2.46062784981 1.01980753721 0.916784089331
0.12315596604 2.46080066886 1.01701162688 0.914591471307
0.12475211009 2.46103992951 1.01427963228 0.912466854175
0.12634714689 2.46131373953 1.01158474738 0.91038042657
0.12794107325 2.46162902201 1.00894379142 0.908350750899
0.12953389145 2.46198485363 1.00634590019 0.90636675391
0.13112559826 2.46235666029 1.00378215926 0.904419157664
0.13271620416 2.46278389608 1.00126479886 0.902518919953
0.13430570866 2.46324827142 0.998793590978 0.900667211158
0.13589410852 2.4637231163 0.996352650895 0.898846546344
0.13748140876 2.46423113419 0.993950850957 0.897064599309
0.13906760889 2.46477937127 0.991596048108 0.895332041615
0.14065271393 2.4653383145 0.989269047429 0.893625957773
0.14223674016 2.46592008992 0.986979306662 0.891958139425
0.14381968705 2.46652143441 0.984718344421 0.890317903372
0.14540156255 2.46713427293 0.982488443766 0.888710708184
0.14698238025 2.46778342336 0.980294434045 0.887142987481
0.14856213964 2.46843902786 0.978122234681 0.885598090014
0.15014084592 2.46910706965 0.975974040975 0.884077948691
0.15171850712 2.46979318065 0.973856682515 0.882590156138
0.15329511418 2.47049486132 0.971767544382 0.881130989508
0.15487067806 2.47120851565 0.969699868611 0.879695148207
0.15644519539 2.4719354013 0.967658915718 0.878288073488
0.15801866277 2.4726724039 0.965637693019 0.876901231241
0.15959108255 2.47341971119 0.963646809017 0.875542724267
0.16116246581 2.47418446994 0.961681420063 0.874209379238
0.16273280912 2.4749611716 0.959740444893 0.872901798355
0.16430212655 2.47575550188 0.957821086613 0.871615797929
0.1658704293 2.47654553454 0.955920574291 0.870347597897
0.1674377316 2.47734794027 0.954042989479 0.869102451084
0.1690040418 2.47815313924 0.952184132744 0.867875691756
0.17056935944 2.47896003609 0.950341147315 0.866665929596
0.17213370186 2.47976565073 0.948515841681 0.865474264836
0.1736970686 2.48058073384 0.946712568875 0.864302858342
0.1752594652 2.48138742585 0.94491228603 0.863140600758
0.1768208912 2.482219994 0.943144561236 0.862007448309
0.1783813582 2.48303541225 0.941383703709 0.86088150409
0.17994085971 2.48385442652 0.939641705884 0.859774113281
0.18149940437 2.48467022466 0.937915119946 0.858681684102
0.18305698257 2.4854891163 0.936201030934 0.857602130527
0.18461359997 2.48631122871 0.934501991772 0.856538477266
0.18616925607 2.48713481392 0.932812398825 0.855485118796
0.18772395037 2.48796123215 0.93113626667 0.854445667779
0.1892776793 2.4887971915 0.929477226629 0.85342413564
0.19083044548 2.48963082323 0.927835472202 0.852419706413
0.1923822452 2.4904486383 0.926197659873 0.851417527487
0.19393308422 2.4912714042 0.924572546531 0.850428332781
0.19548296199 2.49210374314 0.922959116128 0.849452074806
0.197031878 2.49292893134 0.921358462018 0.848488793958
0.19857983167 2.49375929572 0.91977521382 0.847540301557
0.20012682247 2.49460428075 0.918210546161 0.846607163855
0.20167285618 2.49545512927 0.916663695643 0.845690032415
0.20321794184 2.4963072649 0.915130962192 0.844783253617
0.20476209178 2.49716115669 0.91361143277 0.843887214693
0.20630533452 2.49801318587 0.912105652249 0.843003595331
0.20784767603 2.49886476123 0.910612641447 0.842130271006
0.20938912893 2.49970749276 0.909127524723 0.841262928526
0.21092971239 2.50055796743 0.907664022171 0.840416311275
0.21246942278 2.50139266067 0.906201316208 0.839568209639
0.21400827614 2.5022204203 0.904746155515 0.838725589974
0.21554627545 2.50306974052 0.903312772356 0.837905580536
0.21708342703 2.50389476581 0.901878974477 0.837084602997
0.21861973056 2.50472017598 0.900453598328 0.836270725461
0.22015518566 2.5055381361 0.899036484335 0.835464060526
0.22168979205 2.50634866722 0.897627379554 0.834664515827
0.22322356624 2.50715753958 0.896226625057 0.833872674077
0.22475649432 2.50796371813 0.894834108049 0.833087804037
0.22628857256 2.50876235706 0.893447097174 0.832308874397
0.2278198074 2.50955950809 0.892068542314 0.831537658492
0.22935019848 2.51034713496 0.890698679408 0.830773037025
0.23087974545 2.51113177996 0.889332873121 0.830012658778
0.23240844096 2.51190807206 0.887972298632 0.829257030099
0.2339362881 2.51268483698 0.886621668104 0.828509996312
0.23546327943 2.51345789015 0.885278307494 0.82776977564
0.236989418 2.51421654657 0.883932706366 0.827028389962
0.23851470337 2.51498035077 0.882600064321 0.826298130583
0.24003913507 2.51573831278 0.881275075922 0.82557392018
0.24156270907 2.51649218444 0.87995747584 0.824856370223
0.24308542849 2.51724520876 0.87864537636 0.824143949736
0.24460728558 2.51798573669 0.877333012796 0.823431316478
0.24612828707 2.51873149404 0.876033397061 0.822729566374
0.24764843247 2.51946707265 0.874736507266 0.82202924612
0.24916771758 2.52021093038 0.873451842602 0.821340663688
0.25068613814 2.52095172629 0.872174105391 0.820658726428
0.25220370469 2.52167346123 0.870895452154 0.819974422268
0.25372040183 2.52240437665 0.869624464882 0.819298325971
0.25523623638 2.52313147098 0.86835985845 0.818627816523
0.25675121528 2.52385477895 0.867102584986 0.817962984751
0.25826531155 2.52457623995 0.865849042137 0.817301381262
0.25977855477 2.52528830693 0.864601182565 0.816644743998
0.26129092532 2.52600489004 0.863361679318 0.815995867316
0.26280244167 2.52671362042 0.862124048988 0.815348015396
0.26431308778 2.52742904791 0.860895476749 0.814708023404
0.26582288231 2.52813551893 0.85967293575 0.814072666815
0.26733180129 2.52883278342 0.858454354018 0.813439583681
0.26883986742 2.52953285959 0.857242284668 0.812812551972
0.27034706827 2.53022469084 0.856036046026 0.812189244659
0.27185340704 2.53092232044 0.854839607891 0.811574612979
0.27335889099 2.53161090262 0.853645915529 0.810960846977
0.27486351542 2.53229957314 0.852458139707 0.810352229305
0.27636727957 2.53298697538 0.851276478874 0.809748499953
0.27787018671 2.53367016623 0.850100042777 0.809148799651
0.27937224831 2.53434691935 0.84892889017 0.808553899612
0.28087345958 2.53501471668 0.847761120433 0.807961429075
0.28237381157 2.5356869717 0.846601084641 0.807374586123
0.2838733076 2.53635186035 0.845443883958 0.806789600674
0.28537195931 2.53701456336 0.844293841384 0.806210750391
0.28686976596 2.53768076188 0.843150173011 0.805636988997
0.28836672257 2.53834096864 0.842010872518 0.805066343922
0.28986283683 2.53899953416 0.840874841877 0.804497592165
0.29135809941 2.53965789023 0.839746468802 0.80393527325
0.29285252234 2.54030876615 0.838621174138 0.803374154596
0.29434610484 2.54096204863 0.837502047087 0.802818542428
0.29583883742 2.54161516949 0.836389971564 0.802268909267
0.29733072786 2.54225892161 0.835279255879 0.801719151972
0.29882178412 2.54290683113 0.834176556819 0.801175812076
0.30031200536 2.54354841104 0.833077805694 0.800635269943
0.30180139524 2.54418266156 0.831982065631 0.800096105045
0.30328994393 2.54482703795 0.830896619701 0.799566405076
0.30477766402 2.54546216754 0.829814072063 0.799037799367
0.30626455469 2.54610186541 0.828739348931 0.798515870307
0.30775061051 2.54673359064 0.827665761467 0.797993891297
0.30923583509 2.54735967843 0.826596900862 0.797475515798
0.31072023686 2.54799850566 0.825539519725 0.796966065705
0.31220381485 2.54864607394 0.824492635157 0.796463775496
0.31368658697 2.54931409649 0.823467195533 0.795978292274
0.3151685477 2.54999102145 0.822453548822 0.795500778344
0.3166497246 2.55066742682 0.821449815496 0.795029239075
0.31813014567 2.55133840442 0.820455800596 0.794562176123
0.31960981999 2.55201094817 0.819468628972 0.794098581265
0.32108877616 2.55267914786 0.818487774186 0.79363815442
0.32256701871 2.55334240491 0.817514185502 0.793181540675
0.32404457688 2.55400148684 0.816546334762 0.792728024348
0.32552144558 2.55465696712 0.815583504744 0.792277084361
0.32699762455 2.55530327724 0.814624947706 0.791827830495
0.3284731538 2.55594587851 0.813670304697 0.791380724856
0.32994801322 2.55658845212 0.812720944557 0.790936439801
0.33142221286 2.55722299156 0.811776145679 0.790494760751
0.33289577339 2.55785122493 0.810833834323 0.790053907834
0.33436867408 2.55847394832 0.809895494629 0.789614967299
0.3358409359 2.55909087806 0.808960127332 0.789177961944
0.33731255367 2.55970218626 0.808027815643 0.788742343403
0.33878352737 2.56031041778 0.807097645151 0.788308223282
0.34025387867 2.56090652713 0.80616952023 0.787873672003
0.3417235698 2.56151133928 0.805248781603 0.787446724745
0.34319262793 2.56209703363 0.804325175228 0.787014619628
