# Forces         
# CofR           : (0.0000000000e+00 0.0000000000e+00 0.0000000000e+00)
# Time           forces(pressure viscous porous) moment(pressure viscous porous)
1.0172540094e-01	((4.8604177530e+00 2.5663958428e+01 -1.3056308328e-18) (1.4785712576e-01 -2.3890445836e-02 1.4268544024e-21) (0.0000000000e+00 0.0000000000e+00 0.0000000000e+00)) ((-1.2831979214e+00 2.4302088765e-01 6.5793714693e+00) (1.1945222918e-03 7.3928562881e-03 -3.9710353067e-02) (0.0000000000e+00 0.0000000000e+00 0.0000000000e+00))
1.0348591215e-01	((4.8610310813e+00 2.5671716355e+01 -1.3058085726e-18) (1.4789002514e-01 -2.3896507880e-02 1.4267995868e-21) (0.0000000000e+00 0.0000000000e+00 0.0000000000e+00)) ((-1.2835858177e+00 2.4305155406e-01 6.5811295548e+00) (1.1948253940e-03 7.3945012571e-03 -3.9718491817e-02) (0.0000000000e+00 0.0000000000e+00 0.0000000000e+00))
1.0524583352e-01	((4.8616766530e+00 2.5679397115e+01 -1.3059621690e-18) (1.4792252101e-01 -2.3902482642e-02 1.4272053855e-21) (0.0000000000e+00 0.0000000000e+00 0.0000000000e+00)) ((-1.2839698558e+00 2.4308383265e-01 6.5828967050e+00) (1.1951241321e-03 7.3961260503e-03 -3.9726525456e-02) (0.0000000000e+00 0.0000000000e+00 0.0000000000e+00))
1.0700564867e-01	((4.8623353291e+00 2.5687068691e+01 -1.3061336670e-18) (1.4795473461e-01 -2.3908360800e-02 1.4271168562e-21) (0.0000000000e+00 0.0000000000e+00 0.0000000000e+00)) ((-1.2843534346e+00 2.4311676645e-01 6.5846741428e+00) (1.1954180400e-03 7.3977367306e-03 -3.9734467065e-02) (0.0000000000e+00 0.0000000000e+00 0.0000000000e+00))
1.0876490617e-01	((4.8629467775e+00 2.5694627369e+01 -1.3063223265e-18) (1.4798651705e-01 -2.3914109977e-02 1.4275474629e-21) (0.0000000000e+00 0.0000000000e+00 0.0000000000e+00)) ((-1.2847313685e+00 2.4314733888e-01 6.5864116683e+00) (1.1957054989e-03 7.3993258526e-03 -3.9742284088e-02) (0.0000000000e+00 0.0000000000e+00 0.0000000000e+00))
1.1052406712e-01	((4.8637526323e+00 2.5702414360e+01 -1.3065020897e-18) (1.4801809702e-01 -2.3919773402e-02 1.4274411872e-21) (0.0000000000e+00 0.0000000000e+00 0.0000000000e+00)) ((-1.2851207180e+00 2.4318763162e-01 6.5882942058e+00) (1.1959886701e-03 7.4009048511e-03 -3.9750023651e-02) (0.0000000000e+00 0.0000000000e+00 0.0000000000e+00))
1.1228263498e-01	((4.8644275431e+00 2.5709905958e+01 -1.3066717671e-18) (1.4804928183e-01 -2.3925362861e-02 1.4278523296e-21) (0.0000000000e+00 0.0000000000e+00 0.0000000000e+00)) ((-1.2854952979e+00 2.4322137716e-01 6.5900626151e+00) (1.1962681430e-03 7.4024640915e-03 -3.9757664291e-02) (0.0000000000e+00 0.0000000000e+00 0.0000000000e+00))
1.1404117410e-01	((4.8650402707e+00 2.5717271448e+01 -1.3068622788e-18) (1.4808013060e-01 -2.3930897266e-02 1.4277290427e-21) (0.0000000000e+00 0.0000000000e+00 0.0000000000e+00)) ((-1.2858635724e+00 2.4325201354e-01 6.5917783080e+00) (1.1965448633e-03 7.4040065302e-03 -3.9765221665e-02) (0.0000000000e+00 0.0000000000e+00 0.0000000000e+00))
1.1579902330e-01	((4.8656290344e+00 2.5724559186e+01 -1.3070864344e-18) (1.4811053559e-01 -2.3936378477e-02 1.4281905585e-21) (0.0000000000e+00 0.0000000000e+00 0.0000000000e+00)) ((-1.2862279593e+00 2.4328145172e-01 6.5934712910e+00) (1.1968189239e-03 7.4055267797e-03 -3.9772691551e-02) (0.0000000000e+00 0.0000000000e+00 0.0000000000e+00))
1.1755687250e-01	((4.8662280968e+00 2.5731776836e+01 -1.3073004742e-18) (1.4814048615e-01 -2.3941744789e-02 1.4286410142e-21) (0.0000000000e+00 0.0000000000e+00 0.0000000000e+00)) ((-1.2865888418e+00 2.4331140484e-01 6.5951597401e+00) (1.1970872394e-03 7.4070243075e-03 -3.9780036339e-02) (0.0000000000e+00 0.0000000000e+00 0.0000000000e+00))
1.1931411969e-01	((4.8668481753e+00 2.5738920096e+01 -1.3074869719e-18) (1.4817009179e-01 -2.3947133870e-02 1.4284847213e-21) (0.0000000000e+00 0.0000000000e+00 0.0000000000e+00)) ((-1.2869460048e+00 2.4334240877e-01 6.5968474518e+00) (1.1973566935e-03 7.4085045896e-03 -3.9787333610e-02) (0.0000000000e+00 0.0000000000e+00 0.0000000000e+00))
1.2107121639e-01	((4.8673961994e+00 2.5745903895e+01 -1.3076898033e-18) (1.4819925924e-01 -2.3952428969e-02 1.4289198828e-21) (0.0000000000e+00 0.0000000000e+00 0.0000000000e+00)) ((-1.2872951948e+00 2.4336980997e-01 6.5984716390e+00) (1.1976214485e-03 7.4099629620e-03 -3.9794513420e-02) (0.0000000000e+00 0.0000000000e+00 0.0000000000e+00))
1.2282799606e-01	((4.8679575234e+00 2.5752812565e+01 -1.3078836705e-18) (1.4822803553e-01 -2.3957747888e-02 1.4287351662e-21) (0.0000000000e+00 0.0000000000e+00 0.0000000000e+00)) ((-1.2876406283e+00 2.4339787617e-01 6.6000917004e+00) (1.1978873944e-03 7.4114017763e-03 -3.9801640761e-02) (0.0000000000e+00 0.0000000000e+00 0.0000000000e+00))
1.2458430021e-01	((4.8685807565e+00 2.5759750847e+01 -1.3080771139e-18) (1.4825632813e-01 -2.3962970875e-02 1.4291547334e-21) (0.0000000000e+00 0.0000000000e+00 0.0000000000e+00)) ((-1.2879875423e+00 2.4342903782e-01 6.6017486634e+00) (1.1981485438e-03 7.4128164065e-03 -3.9808648446e-02) (0.0000000000e+00 0.0000000000e+00 0.0000000000e+00))
1.2634060435e-01	((4.8691406067e+00 2.5766553140e+01 -1.3082844286e-18) (1.4828426067e-01 -2.3968157229e-02 1.4295872509e-21) (0.0000000000e+00 0.0000000000e+00 0.0000000000e+00)) ((-1.2883276570e+00 2.4345703033e-01 6.6033508110e+00) (1.1984078615e-03 7.4142130334e-03 -3.9815580091e-02) (0.0000000000e+00 0.0000000000e+00 0.0000000000e+00))
1.2809625208e-01	((4.8696931042e+00 2.5773295734e+01 -1.3085066959e-18) (1.4831182173e-01 -2.3973356939e-02 1.4293791080e-21) (0.0000000000e+00 0.0000000000e+00 0.0000000000e+00)) ((-1.2886647867e+00 2.4348465521e-01 6.6049407353e+00) (1.1986678470e-03 7.4155910863e-03 -3.9822463397e-02) (0.0000000000e+00 0.0000000000e+00 0.0000000000e+00))
1.2985171468e-01	((4.8702792447e+00 2.5779991921e+01 -1.3086997289e-18) (1.4833891118e-01 -2.3978432049e-02 1.4297888709e-21) (0.0000000000e+00 0.0000000000e+00 0.0000000000e+00)) ((-1.2889995960e+00 2.4351396224e-01 6.6065409868e+00) (1.1989216025e-03 7.4169455592e-03 -3.9829218024e-02) (0.0000000000e+00 0.0000000000e+00 0.0000000000e+00))
1.3160717727e-01	((4.8708361123e+00 2.5786579201e+01 -1.3088965687e-18) (1.4836563362e-01 -2.3983452577e-02 1.4301988239e-21) (0.0000000000e+00 0.0000000000e+00 0.0000000000e+00)) ((-1.2893289601e+00 2.4354180561e-01 6.6081103574e+00) (1.1991726289e-03 7.4182816809e-03 -3.9835890693e-02) (0.0000000000e+00 0.0000000000e+00 0.0000000000e+00))
1.3336180952e-01	((4.8714031795e+00 2.5793143350e+01 -1.3090767434e-18) (1.4839204520e-01 -2.3988501387e-02 1.4298931904e-21) (0.0000000000e+00 0.0000000000e+00 0.0000000000e+00)) ((-1.2896571675e+00 2.4357015898e-01 6.6096796447e+00) (1.1994250694e-03 7.4196022600e-03 -3.9842532210e-02) (0.0000000000e+00 0.0000000000e+00 0.0000000000e+00))
1.3511636957e-01	((4.8719761004e+00 2.5799672763e+01 -1.3092756778e-18) (1.4841800603e-01 -2.3993415813e-02 1.4302972839e-21) (0.0000000000e+00 0.0000000000e+00 0.0000000000e+00)) ((-1.2899836382e+00 2.4359880502e-01 6.6112475711e+00) (1.1996707906e-03 7.4209003014e-03 -3.9849047205e-02) (0.0000000000e+00 0.0000000000e+00 0.0000000000e+00))
1.3687092961e-01	((4.8725137511e+00 2.5806058093e+01 -1.3094749309e-18) (1.4844361353e-01 -2.3998272836e-02 1.4306991737e-21) (0.0000000000e+00 0.0000000000e+00 0.0000000000e+00)) ((-1.2903029047e+00 2.4362568756e-01 6.6127750354e+00) (1.1999136418e-03 7.4221806766e-03 -3.9855483714e-02) (0.0000000000e+00 0.0000000000e+00 0.0000000000e+00))
1.3862472467e-01	((4.8730798745e+00 2.5812465809e+01 -1.3096571025e-18) (1.4846896394e-01 -2.4003173561e-02 1.4303255118e-21) (0.0000000000e+00 0.0000000000e+00 0.0000000000e+00)) ((-1.2906232905e+00 2.4365399372e-01 6.6143197245e+00) (1.2001586780e-03 7.4234481972e-03 -3.9861902076e-02) (0.0000000000e+00 0.0000000000e+00 0.0000000000e+00))
1.4037830396e-01	((4.8735578669e+00 2.5818671226e+01 -1.3098443202e-18) (1.4849382423e-01 -2.4007925861e-02 1.4307082693e-21) (0.0000000000e+00 0.0000000000e+00 0.0000000000e+00)) ((-1.2909335613e+00 2.4367789335e-01 6.6157864232e+00) (1.2003962930e-03 7.4246912113e-03 -3.9868187148e-02) (0.0000000000e+00 0.0000000000e+00 0.0000000000e+00))
1.4213188326e-01	((4.8740640645e+00 2.5824862435e+01 -1.3100328813e-18) (1.4851830787e-01 -2.4012623546e-02 1.4310931159e-21) (0.0000000000e+00 0.0000000000e+00 0.0000000000e+00)) ((-1.2912431217e+00 2.4370320322e-01 6.6172637508e+00) (1.2006311773e-03 7.4259153935e-03 -3.9874392729e-02) (0.0000000000e+00 0.0000000000e+00 0.0000000000e+00))
1.4388524485e-01	((4.8745476449e+00 2.5830971023e+01 -1.3102021849e-18) (1.4854252255e-01 -2.4017340651e-02 1.4306174568e-21) (0.0000000000e+00 0.0000000000e+00 0.0000000000e+00)) ((-1.2915485511e+00 2.4372738224e-01 6.6187158492e+00) (1.2008670325e-03 7.4271261275e-03 -3.9880569517e-02) (0.0000000000e+00 0.0000000000e+00 0.0000000000e+00))
1.4563773565e-01	((4.8750126925e+00 2.5836987388e+01 -1.3103892762e-18) (1.4856625060e-01 -2.4021952055e-02 1.4309894671e-21) (0.0000000000e+00 0.0000000000e+00 0.0000000000e+00)) ((-1.2918493694e+00 2.4375063462e-01 6.6201432010e+00) (1.2010976027e-03 7.4283125300e-03 -3.9886632988e-02) (0.0000000000e+00 0.0000000000e+00 0.0000000000e+00))
1.4739022644e-01	((4.8754655060e+00 2.5842913428e+01 -1.3105690934e-18) (1.4858960163e-01 -2.4026478203e-02 1.4313566449e-21) (0.0000000000e+00 0.0000000000e+00 0.0000000000e+00)) ((-1.2921456714e+00 2.4377327530e-01 6.6215487586e+00) (1.2013239102e-03 7.4294800816e-03 -3.9892603448e-02) (0.0000000000e+00 0.0000000000e+00 0.0000000000e+00))
1.4914271723e-01	((4.8759694779e+00 2.5848888619e+01 -1.3107580203e-18) (1.4861262440e-01 -2.4030928576e-02 1.4317292364e-21) (0.0000000000e+00 0.0000000000e+00 0.0000000000e+00)) ((-1.2924444309e+00 2.4379847390e-01 6.6229897588e+00) (1.2015464288e-03 7.4306312201e-03 -3.9898496016e-02) (0.0000000000e+00 0.0000000000e+00 0.0000000000e+00))
1.5089513318e-01	((4.8764765468e+00 2.5854862618e+01 -1.3109470673e-18) (1.4863539180e-01 -2.4035339584e-02 1.4311348910e-21) (0.0000000000e+00 0.0000000000e+00 0.0000000000e+00)) ((-1.2927431309e+00 2.4382382734e-01 6.6244305223e+00) (1.2017669792e-03 7.4317695899e-03 -3.9904337645e-02) (0.0000000000e+00 0.0000000000e+00 0.0000000000e+00))
1.5264637665e-01	((4.8769474324e+00 2.5860701293e+01 -1.3111284619e-18) (1.4865782814e-01 -2.4039721777e-02 1.4314927210e-21) (0.0000000000e+00 0.0000000000e+00 0.0000000000e+00)) ((-1.2930350646e+00 2.4384737162e-01 6.6258337660e+00) (1.2019860889e-03 7.4328914070e-03 -3.9910125046e-02) (0.0000000000e+00 0.0000000000e+00 0.0000000000e+00))
1.5439762012e-01	((4.8774044293e+00 2.5866515009e+01 -1.3113371868e-18) (1.4867988962e-01 -2.4043930588e-02 1.4318733106e-21) (0.0000000000e+00 0.0000000000e+00 0.0000000000e+00)) ((-1.2933257504e+00 2.4387022147e-01 6.6272249986e+00) (1.2021965294e-03 7.4339944809e-03 -3.9915787680e-02) (0.0000000000e+00 0.0000000000e+00 0.0000000000e+00))
1.5614886358e-01	((4.8778023679e+00 2.5872222588e+01 -1.3115551790e-18) (1.4870162381e-01 -2.4048037584e-02 1.4322624436e-21) (0.0000000000e+00 0.0000000000e+00 0.0000000000e+00)) ((-1.2936111294e+00 2.4389011840e-01 6.6285684561e+00) (1.2024018792e-03 7.4350811905e-03 -3.9921365800e-02) (0.0000000000e+00 0.0000000000e+00 0.0000000000e+00))
1.5790010705e-01	((4.8782507579e+00 2.5877970499e+01 -1.3117562344e-18) (1.4872300440e-01 -2.4052051459e-02 1.4326349490e-21) (0.0000000000e+00 0.0000000000e+00 0.0000000000e+00)) ((-1.2938985249e+00 2.4391253789e-01 6.6299444865e+00) (1.2026025729e-03 7.4361502199e-03 -3.9926858710e-02) (0.0000000000e+00 0.0000000000e+00 0.0000000000e+00))
1.5965119929e-01	((4.8786123826e+00 2.5883538541e+01 -1.3119670887e-18) (1.4874415058e-01 -2.4056031038e-02 1.4318422146e-21) (0.0000000000e+00 0.0000000000e+00 0.0000000000e+00)) ((-1.2941769271e+00 2.4393061913e-01 6.6312466614e+00) (1.2028015519e-03 7.4372075290e-03 -3.9932310955e-02) (0.0000000000e+00 0.0000000000e+00 0.0000000000e+00))
1.6140093045e-01	((4.8790232976e+00 2.5889127880e+01 -1.3121625975e-18) (1.4876491211e-01 -2.4059942094e-02 1.4321999467e-21) (0.0000000000e+00 0.0000000000e+00 0.0000000000e+00)) ((-1.2944563940e+00 2.4395116488e-01 6.6325773567e+00) (1.2029971047e-03 7.4382456056e-03 -3.9937686051e-02) (0.0000000000e+00 0.0000000000e+00 0.0000000000e+00))
1.6315066162e-01	((4.8793464087e+00 2.5894573521e+01 -1.3123776175e-18) (1.4878526863e-01 -2.4063695340e-02 1.4325775293e-21) (0.0000000000e+00 0.0000000000e+00 0.0000000000e+00)) ((-1.2947286761e+00 2.4396732043e-01 6.6338383981e+00) (1.2031847670e-03 7.4392634314e-03 -3.9942940887e-02) (0.0000000000e+00 0.0000000000e+00 0.0000000000e+00))
1.6490039279e-01	((4.8796484363e+00 2.5899908009e+01 -1.3125747049e-18) (1.4880518332e-01 -2.4067358686e-02 1.4329340192e-21) (0.0000000000e+00 0.0000000000e+00 0.0000000000e+00)) ((-1.2949954005e+00 2.4398242181e-01 6.6350700210e+00) (1.2033679343e-03 7.4402591660e-03 -3.9948106618e-02) (0.0000000000e+00 0.0000000000e+00 0.0000000000e+00))
1.6665012395e-01	((4.8799648689e+00 2.5905226258e+01 -1.3127555627e-18) (1.4882469389e-01 -2.4070919095e-02 1.4332717982e-21) (0.0000000000e+00 0.0000000000e+00 0.0000000000e+00)) ((-1.2952613129e+00 2.4399824345e-01 6.6363065912e+00) (1.2035459547e-03 7.4412346943e-03 -3.9953183823e-02) (0.0000000000e+00 0.0000000000e+00 0.0000000000e+00))
1.6839985512e-01	((4.8802676041e+00 2.5910510942e+01 -1.3129569060e-18) (1.4884383330e-01 -2.4074352551e-02 1.4336253472e-21) (0.0000000000e+00 0.0000000000e+00 0.0000000000e+00)) ((-1.2955255471e+00 2.4401338021e-01 6.6375307095e+00) (1.2037176276e-03 7.4421916652e-03 -3.9958167392e-02) (0.0000000000e+00 0.0000000000e+00 0.0000000000e+00))
1.7014958629e-01	((4.8805560604e+00 2.5915732686e+01 -1.3131393241e-18) (1.4886261970e-01 -2.4077657858e-02 1.4339597907e-21) (0.0000000000e+00 0.0000000000e+00 0.0000000000e+00)) ((-1.2957866343e+00 2.4402780302e-01 6.6387370085e+00) (1.2038828929e-03 7.4431309849e-03 -3.9963056787e-02) (0.0000000000e+00 0.0000000000e+00 0.0000000000e+00))
1.7189781769e-01	((4.8808170364e+00 2.5920834189e+01 -1.3133077103e-18) (1.4888125782e-01 -2.4081051062e-02 1.4326560490e-21) (0.0000000000e+00 0.0000000000e+00 0.0000000000e+00)) ((-1.2960417095e+00 2.4404085182e-01 6.6399089759e+00) (1.2040525531e-03 7.4440628908e-03 -3.9967972744e-02) (0.0000000000e+00 0.0000000000e+00 0.0000000000e+00))
1.7364546584e-01	((4.8810753571e+00 2.5925906158e+01 -1.3134878333e-18) (1.4889936507e-01 -2.4084141020e-02 1.4329765080e-21) (0.0000000000e+00 0.0000000000e+00 0.0000000000e+00)) ((-1.2962953079e+00 2.4405376785e-01 6.6410739844e+00) (1.2042070510e-03 7.4449682537e-03 -3.9972684234e-02) (0.0000000000e+00 0.0000000000e+00 0.0000000000e+00))
1.7539311399e-01	((4.8813813110e+00 2.5931032265e+01 -1.3136651045e-18) (1.4891721937e-01 -2.4087121010e-02 1.4332955590e-21) (0.0000000000e+00 0.0000000000e+00 0.0000000000e+00)) ((-1.2965516132e+00 2.4406906555e-01 6.6422723850e+00) (1.2043560505e-03 7.4458609687e-03 -3.9977315931e-02) (0.0000000000e+00 0.0000000000e+00 0.0000000000e+00))
1.7714076215e-01	((4.8816372928e+00 2.5936050719e+01 -1.3138506728e-18) (1.4893479448e-01 -2.4089989475e-02 1.4336197752e-21) (0.0000000000e+00 0.0000000000e+00 0.0000000000e+00)) ((-1.2968025360e+00 2.4408186464e-01 6.6434270450e+00) (1.2044994737e-03 7.4467397242e-03 -3.9981867085e-02) (0.0000000000e+00 0.0000000000e+00 0.0000000000e+00))
1.7888841030e-01	((4.8818888386e+00 2.5941031275e+01 -1.3140341210e-18) (1.4895209483e-01 -2.4092723329e-02 1.4339395239e-21) (0.0000000000e+00 0.0000000000e+00 0.0000000000e+00)) ((-1.2970515638e+00 2.4409444193e-01 6.6445727941e+00) (1.2046361665e-03 7.4476047417e-03 -3.9986343803e-02) (0.0000000000e+00 0.0000000000e+00 0.0000000000e+00))
1.8063605846e-01	((4.8821481981e+00 2.5945997263e+01 -1.3142180596e-18) (1.4896913960e-01 -2.4095322981e-02 1.4342578133e-21) (0.0000000000e+00 0.0000000000e+00 0.0000000000e+00)) ((-1.2972998632e+00 2.4410740990e-01 6.6457200269e+00) (1.2047661491e-03 7.4484569800e-03 -3.9990750196e-02) (0.0000000000e+00 0.0000000000e+00 0.0000000000e+00))
1.8238370661e-01	((4.8823873681e+00 2.5950902426e+01 -1.3143988835e-18) (1.4898595017e-01 -2.4097823561e-02 1.4345722202e-21) (0.0000000000e+00 0.0000000000e+00 0.0000000000e+00)) ((-1.2975451213e+00 2.4411936840e-01 6.6468465554e+00) (1.2048911780e-03 7.4492975084e-03 -3.9995086485e-02) (0.0000000000e+00 0.0000000000e+00 0.0000000000e+00))
1.8413135476e-01	((4.8826174040e+00 2.5955762518e+01 -1.3145791918e-18) (1.4900252304e-01 -2.4100228976e-02 1.4348851557e-21) (0.0000000000e+00 0.0000000000e+00 0.0000000000e+00)) ((-1.2977881259e+00 2.4413087020e-01 6.6479604914e+00) (1.2050114488e-03 7.4501261521e-03 -3.9999353697e-02) (0.0000000000e+00 0.0000000000e+00 0.0000000000e+00))
1.8587900292e-01	((4.8828311996e+00 2.5960571918e+01 -1.3147646259e-18) (1.4901886641e-01 -2.4102553904e-02 1.4351999799e-21) (0.0000000000e+00 0.0000000000e+00 0.0000000000e+00)) ((-1.2980285959e+00 2.4414155998e-01 6.6490571631e+00) (1.2051276952e-03 7.4509433205e-03 -4.0003554002e-02) (0.0000000000e+00 0.0000000000e+00 0.0000000000e+00))
1.8762607014e-01	((4.8830417144e+00 2.5965359987e+01 -1.3149450026e-18) (1.4903534207e-01 -2.4105037639e-02 1.4317461291e-21) (0.0000000000e+00 0.0000000000e+00 0.0000000000e+00)) ((-1.2982679994e+00 2.4415208572e-01 6.6501476981e+00) (1.2052518819e-03 7.4517671033e-03 -4.0007842489e-02) (0.0000000000e+00 0.0000000000e+00 0.0000000000e+00))
1.8936887716e-01	((4.8831995595e+00 2.5970001336e+01 -1.3151281346e-18) (1.4905123904e-01 -2.4107448590e-02 1.4320364879e-21) (0.0000000000e+00 0.0000000000e+00 0.0000000000e+00)) ((-1.2985000668e+00 2.4415997797e-01 6.6511863335e+00) (1.2053724295e-03 7.4525619518e-03 -4.0012025803e-02) (0.0000000000e+00 0.0000000000e+00 0.0000000000e+00))
1.9111168418e-01	((4.8833685306e+00 2.5974631569e+01 -1.3153091445e-18) (1.4906686214e-01 -2.4109551442e-02 1.4323365309e-21) (0.0000000000e+00 0.0000000000e+00 0.0000000000e+00)) ((-1.2987315784e+00 2.4416842653e-01 6.6522278107e+00) (1.2054775721e-03 7.4533431071e-03 -4.0016032096e-02) (0.0000000000e+00 0.0000000000e+00 0.0000000000e+00))
1.9285449120e-01	((4.8835261396e+00 2.5979209147e+01 -1.3154852285e-18) (1.4908230007e-01 -2.4111588718e-02 1.4326342315e-21) (0.0000000000e+00 0.0000000000e+00 0.0000000000e+00)) ((-1.2989604573e+00 2.4417630698e-01 6.6532539775e+00) (1.2055794359e-03 7.4541150036e-03 -4.0019981633e-02) (0.0000000000e+00 0.0000000000e+00 0.0000000000e+00))
1.9459729823e-01	((4.8836673262e+00 2.5983731645e+01 -1.3156636098e-18) (1.4909752908e-01 -2.4113553111e-02 1.4329316825e-21) (0.0000000000e+00 0.0000000000e+00 0.0000000000e+00)) ((-1.2991865822e+00 2.4418336631e-01 6.6542613465e+00) (1.2056776555e-03 7.4548764541e-03 -4.0023874417e-02) (0.0000000000e+00 0.0000000000e+00 0.0000000000e+00))
1.9634010525e-01	((4.8838047377e+00 2.5988215432e+01 -1.3158391051e-18) (1.4911253950e-01 -2.4115440822e-02 1.4332244331e-21) (0.0000000000e+00 0.0000000000e+00 0.0000000000e+00)) ((-1.2994107716e+00 2.4419023688e-01 6.6552594774e+00) (1.2057720411e-03 7.4556269748e-03 -4.0027708150e-02) (0.0000000000e+00 0.0000000000e+00 0.0000000000e+00))
1.9808291227e-01	((4.8839262565e+00 2.5992637855e+01 -1.3160113594e-18) (1.4912734129e-01 -2.4117260368e-02 1.4335141142e-21) (0.0000000000e+00 0.0000000000e+00 0.0000000000e+00)) ((-1.2996318928e+00 2.4419631283e-01 6.6562383557e+00) (1.2058630184e-03 7.4563670643e-03 -4.0031486387e-02) (0.0000000000e+00 0.0000000000e+00 0.0000000000e+00))
1.9982571930e-01	((4.8840319952e+00 2.5997014126e+01 -1.3161906438e-18) (1.4914193265e-01 -2.4119016628e-02 1.4338095217e-21) (0.0000000000e+00 0.0000000000e+00 0.0000000000e+00)) ((-1.2998507063e+00 2.4420159976e-01 6.6572001681e+00) (1.2059508314e-03 7.4570966325e-03 -4.0035210035e-02) (0.0000000000e+00 0.0000000000e+00 0.0000000000e+00))
