0.0011534152702 2.04658362104 1.31333775163 1.55593172489
0.0025246479635 1.96889882356 1.23674702215 1.51454928371
0.0038210855543 1.96538690775 1.21997132656 1.52625233085
0.0050646996681 1.97094991495 1.21156589499 1.53791488479
0.0062812365793 1.98010740465 1.20716057517 1.54846747976
0.0074816429647 1.99168018993 1.20611893935 1.5591059814
0.0086720624686 2.00309136431 1.20626247249 1.56815593786
0.0098563034153 2.01441136296 1.20732426648 1.57607645672
0.011038381496 2.02499782276 1.20857362086 1.5824604955
0.012222225946 2.03368810203 1.20900789393 1.58651256922
0.013411045448 2.04047690767 1.2081751267 1.58800770835
0.014607462142 2.0461480176 1.20639785621 1.58771895976
0.015813562507 2.05071853774 1.20370781799 1.58581678641
0.017031008567 2.05394994033 1.20011668166 1.58239964546
0.018261144465 2.05637567592 1.19601985317 1.5782250086
0.019504754617 2.05855079584 1.19160455299 1.57367892277
0.020762028086 2.06102453522 1.18732274888 1.56950804613
0.02203268 2.06374857026 1.18304574959 1.56551699681
0.023316111611 2.06676490287 1.17891578002 1.56189285772
0.024611444716 2.07019107813 1.17499829457 1.5587455499
0.025917588257 2.07404832668 1.17139196117 1.55616748028
0.027233364802 2.07838530902 1.16814870651 1.55416956685
0.02855760358 2.08290992346 1.16511488185 1.55248427926
0.029889171247 2.08764534459 1.16232422386 1.55109733062
0.031227023149 2.09268089358 1.15986171014 1.55015752851
0.032570228758 2.09759433578 1.15753015153 1.5492263508
0.033918009828 2.10256196145 1.15537217978 1.54841643314
0.03526972722 2.10746837737 1.15336401571 1.54765625716
0.036624873454 2.11223326062 1.1514339379 1.54681395372
0.037983050628 2.11700303355 1.14967706183 1.54603281278
0.03934395744 2.12162690985 1.14795903591 1.545120732
0.040707368175 2.12619663432 1.14630707456 1.5441256946
0.042073118549 2.13052383756 1.14462483252 1.54291437386
0.043441098161 2.13459362933 1.1428319891 1.54140060223
0.044811229808 2.13829804864 1.14087181012 1.53950597513
0.046183473658 2.14158345014 1.138665029 1.53715375194
0.047557815381 2.14443197872 1.13616561094 1.53429993384
0.048934259753 2.14684127783 1.13336084023 1.5309428521
0.050312833564 2.14880287446 1.13031778784 1.52716469162
0.051693573855 2.150375075 1.12699936041 1.52296118307
0.053076534956 2.15157147292 1.12348888393 1.51842861013
0.054461776021 2.15243890014 1.11981830454 1.51362986037
0.055849358983 2.15303314024 1.11602563325 1.50861940805
0.057239351296 2.15339477667 1.11213182531 1.50344674939
0.058631817432 2.15352994214 1.10816313926 1.49814183148
0.060026818292 2.15348182892 1.10413029122 1.49273656709
0.061424405194 2.15327685816 1.10007503222 1.48728486657
0.062824627335 2.15294003689 1.09599167835 1.48178934968
0.064227525193 2.15247755229 1.09187757479 1.47625833507
0.065633127045 2.15194464803 1.08779585197 1.47076753997
0.067041458711 2.15128615714 1.08366452544 1.46521880597
0.068452533517 2.15059371748 1.07957184592 1.45972865343
0.06986635427 2.14986921538 1.07552114782 1.45430660617
0.071282915889 2.1491279627 1.07149554521 1.44893388191
0.072702201292 2.14838363971 1.0675302365 1.44365791726
0.074124184587 2.14766283074 1.06362887016 1.43848307329
0.075548827507 2.14696927899 1.05977860449 1.43339575392
0.07697608263 2.14629460881 1.05599765829 1.42841235975
0.078405894943 2.14570332739 1.05231040798 1.423573497
0.079838200011 2.14513322642 1.04867759478 1.4188216239
0.081272927314 2.14465899663 1.04515155284 1.41423053478
0.082710001338 2.14422475883 1.04168412802 1.40973098069
0.084149338017 2.14385837376 1.03830008861 1.40535733714
0.085590859332 2.1435606499 1.03498751138 1.40109548501
0.08703447985 2.1433270268 1.03174757809 1.39694490318
0.088480113183 2.14320218231 1.02859272916 1.3929308055
0.089927672006 2.1430973652 1.02549179633 1.38899860553
0.091377067492 2.14305096583 1.0224550726 1.38516495492
0.092828218898 2.14305985127 1.01947191455 1.38141534277
0.094281047701 2.14310945921 1.01653829021 1.37774094545
0.095735480065 2.14319350287 1.01364769907 1.37413284473
0.097191446324 2.14332875094 1.01081203142 1.37060628681
0.098648875601 2.14351985137 1.00802972803 1.36716108031
0.10010771222 2.14369864006 1.00525904118 1.36373441873
0.10156789763 2.14391700738 1.00253694092 1.360379838
0.10302938076 2.1441635928 0.999843445457 1.35707092688
0.1044921138 2.14443156158 0.997183029323 1.35381254697
0.10595605292 2.14471172514 0.994554856081 1.35060330638
0.10742116071 2.14500432166 0.991949049799 1.34742894792
0.10888739892 2.14531162192 0.989374663309 1.34430036656
0.1103547389 2.14562439509 0.986820595136 1.34120300099
0.11182314997 2.14594797006 0.984289848807 1.33814167542
0.11329260745 2.14627184881 0.981782584195 1.33511606126
0.11476308524 2.14660367563 0.979294594817 1.33212169783
0.1162345646 2.14694589901 0.976830797476 1.32916603509
0.11770702477 2.14729491195 0.974388051302 1.32624362619
0.11918044612 2.14764592479 0.971963465717 1.32335039183
0.12065481329 2.14800551406 0.96956540913 1.32049638699
0.12213011085 2.14836886719 0.967187958054 1.31767333655
0.12360632199 2.148743005 0.964833215647 1.31488599335
0.1250834336 2.14913860433 0.962514843696 1.31215310091
0.12656143313 2.14948410391 0.960181253514 1.30939936328
0.12804030415 2.14987930066 0.957896156079 1.30671947398
0.12952003648 2.150277297 0.955632424412 1.30407093466
0.13100061607 2.15068752564 0.953387766002 1.30145397605
0.13248203135 2.15109982117 0.951165982175 1.29887106642
0.13396426873 2.15152843265 0.948970436192 1.29632874941
0.13544731715 2.15195246197 0.946791591807 1.29381119983
0.13693116224 2.15239868613 0.944635454236 1.29133390982
0.13841579214 2.15286490575 0.942508239819 1.28890056619
0.13990119623 2.15332698136 0.940396284357 1.28649129225
0.14138736186 2.153811192 0.938311597689 1.28412458099
0.14287427764 2.15430752336 0.936248622028 1.28179212819
0.14436193145 2.15480565826 0.934204702654 1.27948900782
0.14585031175 2.15531680158 0.932188880744 1.27722786525
0.14733940697 2.15584468684 0.930197238607 1.27500431953
0.1488292061 2.15637537012 0.9282238159 1.27280871591
0.15031969743 2.15693943833 0.926280856626 1.27066187551
0.15181087117 2.157473106 0.92434006137 1.26851712422
0.15330271615 2.15805011998 0.922439343023 1.2664331366
0.15479522115 2.15860679762 0.920535791649 1.26435114607
0.15628837623 2.15918410782 0.918668649139 1.26231652766
0.15778217137 2.1597652546 0.916817804336 1.260309089
0.15927659586 2.16036276117 0.914986781758 1.25833315822
0.16077163826 2.16096788893 0.913174958523 1.25638566055
0.16226728975 2.16157789521 0.911378804771 1.25446372796
0.16376354147 2.16219162019 0.909604916963 1.25257048253
0.1652603825 2.16281771875 0.907848593737 1.2507051618
0.16675780321 2.1634513995 0.906106566351 1.24886373603
0.16825579798 2.16407377535 0.904382982503 1.24704657587
0.1697543571 2.16472051865 0.902677654123 1.24525847246
0.17125346743 2.16537161463 0.900989451178 1.24349614813
0.17275312392 2.16601334226 0.899311756729 1.24175441875
0.17425331673 2.16668388835 0.897656422347 1.24003801536
0.17575403597 2.16734368979 0.896013494052 1.2383437654
0.17725527445 2.16800965924 0.894386115938 1.23667160254
0.17875702424 2.16868124954 0.892772667377 1.23502216545
0.18025927603 2.16934023738 0.891173403184 1.23338749508
0.18176202115 2.17003528871 0.889588688274 1.23178201059
0.18326525431 2.17071773007 0.888018326851 1.23019224121
0.18476896677 2.17140158235 0.8864611447 1.22862178455
0.18627314906 2.17208567651 0.88491867781 1.22707022902
0.18777779719 2.17276528472 0.883388079332 1.22553268292
0.18928290162 2.17345271307 0.881873933801 1.22401791739
0.19078845762 2.17412551455 0.880374700576 1.22251514068
0.19229445975 2.17480588405 0.878887406071 1.22103050296
0.19380090253 2.17548901035 0.877414151395 1.21956110318
0.19530778048 2.17616997242 0.875954875977 1.21810921444
0.196815086 2.1768563794 0.874506825094 1.21667329717
0.19832281353 2.17753817793 0.87307332132 1.21525305869
0.19983095961 2.17821956254 0.87164804668 1.21384420547
0.20133951866 2.17889777357 0.870237631927 1.2124521061
0.20284848578 2.17958929975 0.868835211005 1.21107125
0.20435785533 2.18026795007 0.867448192748 1.2097098559
0.20586762237 2.18094340074 0.866069536767 1.20835682714
0.20737778123 2.18162849356 0.864698388115 1.20701885286
0.20888833046 2.18230113068 0.863343365961 1.20569406366
0.21039926293 2.1829774138 0.861995663625 1.20438064787
0.21191057362 2.18365757381 0.860657966738 1.20308048905
0.2134222582 2.18433618955 0.859328907698 1.20179131853
0.21493431373 2.18501562876 0.858012604697 1.20051684194
0.21644673371 2.18569191044 0.856698009466 1.19924782186
0.21795951591 2.18636801827 0.85539618576 1.19799304898
0.21947265876 2.18704377561 0.854103079096 1.1967488353
0.22098615215 2.18771952179 0.852819348947 1.19551648248
0.22249999737 2.1883915047 0.851541424733 1.19429189114
0.22401418853 2.18907018335 0.850276395603 1.19308488704
0.22552872332 2.18974237869 0.849016001822 1.19188442017
0.22704359728 2.19041683279 0.847763070278 1.19069379989
0.22855880735 2.19108600432 0.84651707199 1.18951314586
0.23007434974 2.19175356325 0.845278430913 1.18834241752
0.23159021993 2.19242217719 0.844046946852 1.18718206842
0.23310641483 2.19308966323 0.842822951119 1.18603171015
0.23462293134 2.19375415086 0.841605859323 1.18489065351
0.23613976706 2.19441704004 0.840394778735 1.18375823661
0.23765691743 2.19507785373 0.839190593529 1.18263514297
0.23917437856 2.19573993308 0.837992151154 1.18152059481
0.24069214731 2.19639630503 0.836798750183 1.18041318352
0.24221022124 2.19705241106 0.835612257884 1.17931545389
0.24372859498 2.19770568646 0.834431679371 1.17822562427
0.24524726681 2.19836136724 0.833257855093 1.17714582025
0.24676623279 2.19901231776 0.832088806834 1.17607276418
0.24828548972 2.19966345118 0.830924674999 1.17500731275
0.24980503435 2.20031278521 0.829765376315 1.17394941944
0.25132486347 2.20095910229 0.828610467861 1.1728983416
0.25284497381 2.2016034947 0.827462080399 1.17185645479
0.25436536213 2.20224489327 0.826318638992 1.17082174943
0.25588602589 2.20288412906 0.825181042501 1.16979543139
0.25740696181 2.2035203864 0.824046478901 1.16877501999
0.25892806521 2.20414645169 0.822915469659 1.16775816594
0.26044853639 2.2047795111 0.821792768712 1.16675550937
0.26196821496 2.20540411326 0.820673437877 1.1657573959
0.26348710377 2.20602447512 0.819559905668 1.1647666373
0.26500520787 2.20663953891 0.81845136734 1.16378265618
0.26652253084 2.20725044195 0.817347675741 1.16280631893
0.26803907627 2.20785915903 0.816249087411 1.16183737113
0.26955484696 2.20846504698 0.815155427805 1.16087608232
0.27106984575 2.20906396604 0.814066489803 1.15992094918
0.27258407546 2.20966009508 0.812982523364 1.15897334874
0.27409753666 2.21025257157 0.811903419991 1.15803267915
0.27561023516 2.21084208121 0.810829536051 1.15709967388
0.27712217079 2.21142482686 0.809757917388 1.15617032407
0.27863334561 2.21200801727 0.808693818115 1.15525203147
0.28014376021 2.212584851 0.807632835698 1.15433820689
0.28165341664 2.21315739574 0.806576300867 1.15343066834
0.28316231697 2.21372576304 0.80552452778 1.15252979182
0.28467046177 2.21429066847 0.804477305828 1.15163556175
0.28617785684 2.21485265138 0.803435002395 1.15074827657
0.28768449751 2.21541182072 0.802396877142 1.1498670983
0.28919038959 2.21596474678 0.801362897444 1.14899159381
0.29069553288 2.21651509794 0.800333132306 1.14812207478
0.2921999272 2.21706126797 0.799307648756 1.14725826575
0.29370357237 2.21760394087 0.798286532604 1.14640030601
0.29520647494 2.21814368697 0.797269271507 1.14554770458
0.29670862871 2.21867850146 0.796256652718 1.14470142675
0.29821003502 2.21921022927 0.795248073468 1.14386045205
0.29971069665 2.21973843974 0.794244153348 1.14302504889
0.30121061493 2.22026348912 0.793244295909 1.14219528005
0.30270979041 2.22078497646 0.792247719799 1.14137012658
0.30420822365 2.22130397223 0.791255582885 1.14055047717
0.30570591519 2.22182400729 0.790270144668 1.13973921418
0.30720286411 2.22235426657 0.789296561433 1.13894336633
0.30869907244 2.22288749133 0.78832912072 1.13815539342
0.31019454226 2.22343472658 0.787376583194 1.13738666649
0.31168927487 2.22397522436 0.786426397808 1.13661959854
0.31318327456 2.22451770217 0.785482191653 1.13585961407
0.31467654416 2.22505864484 0.784544176762 1.13510552602
0.31616908645 2.22559543547 0.783610080775 1.13435464999
0.31766090575 2.22613299595 0.782682363077 1.13361054801
0.31915200635 2.22666084848 0.781758745369 1.13286920906
0.32064239407 2.22718639623 0.780839148384 1.13213187708
0.3221320747 2.22772651652 0.779933162607 1.13140543253
0.32362105028 2.22824852093 0.77902384233 1.13067863469
0.32510932661 2.22878251988 0.778127149653 1.12997193349
0.32659690723 2.22929513308 0.777225165442 1.12925271107
0.32808379643 2.22980245331 0.776325296646 1.12853396577
0.3295699985 2.23030522561 0.775429133968 1.12781919742
0.33105551472 2.23079608582 0.77453166988 1.12709965721
0.33254035088 2.23129613569 0.773643736365 1.12639520352
0.33402451126 2.23178779542 0.7727577044 1.12569109533
0.33550799714 2.2322872132 0.771880528924 1.12500018244
0.33699081129 2.23278541387 0.771008316583 1.12431601139
0.33847295799 2.23327550726 0.770136261456 1.12362990962
0.33995443625 2.2337616654 0.769267113483 1.12294673386
0.34143524883 2.2342355976 0.76839666154 1.12225897074
0.34291539623 2.23470782294 0.767530145991 1.12157539951
0.34439488427 2.23517091295 0.76666407449 1.12089074482
0.34587371495 2.23564900415 0.765810383906 1.12022608233
0.34735189256 2.23612455893 0.764960113208 1.11956467213
0.34882941912 2.23658492132 0.764106153621 1.11889480781
0.35030629739 2.23703672086 0.763251415037 1.11822154985
0.35178252863 2.23749854275 0.762409393014 1.11756865484
0.35325811485 2.2379553056 0.761567308848 1.11691382369
0.35473305882 2.23839828213 0.760720797617 1.11625019163
0.35620736559 2.23885908315 0.759889574232 1.11561064855
0.35768102728 2.23930913034 0.759055834876 1.11496498326
0.3591540558 2.23975360587 0.758224405465 1.11432182191
0.36062645086 2.24019395852 0.757394908393 1.11368042609
0.36209821601 2.24063066497 0.756568078265 1.11304164251
0.36356935552 2.2410649252 0.755743599606 1.11240549023
0.36503986684 2.2414968644 0.754922188891 1.1117726476
0.36650975654 2.24192547304 0.754102873432 1.11114175872
0.36797902587 2.24235280722 0.753287162275 1.11051507028
0.36944767912 2.2427763074 0.752473251033 1.10988989225
0.37091571372 2.24319781134 0.751662400353 1.10926827737
0.37238313549 2.24361826552 0.750853747964 1.10864919906
0.37384994338 2.24403352983 0.750047233356 1.10803188426
0.37531613939 2.24444750498 0.749243400555 1.1074177183
0.37678172478 2.24486147168 0.74844165988 1.10680606806
0.37824670001 2.24526991052 0.74764231068 1.10619651211
0.37971106862 2.24567744276 0.746845611657 1.10558999532
0.38117482955 2.24608193869 0.746051443195 1.1049860381
0.38263798635 2.24648589196 0.745258933222 1.10438403644
0.38410053872 2.246883425 0.74446869311 1.10378408406
0.38556248867 2.24728258234 0.743680720571 1.10318700362
0.38702383666 2.24767857968 0.742895090546 1.10259227093
0.38848458395 2.24807042994 0.742111489022 1.10199919216
0.3899447333 2.24846063827 0.741330446476 1.10140901575
0.39140428442 2.24884877534 0.740551535085 1.10082093266
0.39286323932 2.24923383334 0.73977487 1.1002350578
0.3943215977 2.24961894408 0.739000941861 1.09965241552
0.3957793654 2.25000154005 0.738228777017 1.09907145248
0.3972365406 2.25038089731 0.737457987225 1.09849222629
0.39869312683 2.25076141499 0.736691210473 1.0979174682
0.40014912303 2.25113839564 0.73592542283 1.09734337725
0.40160453352 2.25151361055 0.73516171583 1.09677149041
0.4030593603 2.25188083829 0.734395951741 1.0961947339
0.40451360384 2.25225255059 0.733636823777 1.09562776278
0.40596726692 2.25262273107 0.732880603101 1.09506364707
0.40742035078 2.25299365658 0.732128051139 1.09450415366
0.40887285511 2.25336018846 0.731376398902 1.09394469082
0.41032478038 2.25372511839 0.73062708455 1.09338779713
0.41177612936 2.25408877007 0.729879380248 1.09283271548
0.41322690252 2.25444975353 0.729133969161 1.09227977946
0.41467710188 2.25480720248 0.728390128745 1.09172800863
0.41612672789 2.25516401144 0.727650176573 1.09118130216
0.41757578257 2.25551694139 0.726910157075 1.09063331566
0.41902426482 2.25586912037 0.726172244309 1.09008776061
0.42047217589 2.25621764107 0.72543640818 1.08954420042
0.42191951856 2.2565654596 0.724701940444 1.08900201593
0.4233662933 2.25691033464 0.723969565105 1.08846198825
0.42481249824 2.25725187019 0.723239099589 1.0879232984
0.42625813771 2.25759162454 0.722510451656 1.08738668108
0.42770321141 2.25792826298 0.72178310071 1.08685103488
0.42914772135 2.25826439419 0.721058309959 1.08631828715
0.43059166643 2.25859799619 0.720334458069 1.08578620574
0.43203504868 2.25893096252 0.719612746932 1.08525718117
0.43347786697 2.25926072923 0.7188930479 1.08472953274
0.43492012257 2.25958966242 0.718175404666 1.08420412028
0.43636181905 2.25991741022 0.717458612547 1.08367985496
0.43780295685 2.26024334477 0.716743653822 1.08315762475
0.43924353646 2.26056829461 0.716030477385 1.08263732404
0.44068355753 2.26088751108 0.715318623654 1.08211814763
0.4421230213 2.26120819596 0.714609281053 1.08160186049
0.44356192981 2.26152635977 0.713901588742 1.08108678552
0.44500028506 2.26184437949 0.713196409435 1.08057453397
0.44643808675 2.2621594215 0.712492741374 1.08006362673
0.44787533687 2.26247271182 0.711791228577 1.07955490037
0.44931203512 2.26278509655 0.711091285774 1.07904768025
0.45074818351 2.26309557503 0.710392935274 1.07854222386
0.45218378171 2.26340360535 0.709696129721 1.07803807307
0.45361883097 2.26370892957 0.709000201073 1.07753472136
0.45505333016 2.26401511663 0.708306980453 1.07703441951
0.4564872821 2.26432101482 0.707616371158 1.07653711826
0.45792068489 2.26462035391 0.706923817762 1.07603645411
0.45935353896 2.26491979372 0.706234633758 1.07553962861
0.46078584716 2.26521885835 0.705546917203 1.07504457343
0.46221761071 2.26551815099 0.70486141456 1.07455202921
0.46364883086 2.2658118321 0.70417625521 1.07405895825
0.46507950727 2.26610474882 0.703492351244 1.07356742353
0.46650964356 2.26639631246 0.702811122012 1.07307822517
0.46793923623 2.26668629827 0.702130740532 1.07258989647
0.46936828889 2.26697438325 0.701452502914 1.07210368594
0.47079680199 2.26726301069 0.700775949676 1.07161961079
0.47222477599 2.26754799416 0.700100169639 1.07113560716
0.47365221292 2.26783170828 0.699426121779 1.07065331766
0.47507911324 2.26811357916 0.698753529513 1.07017235616
0.47650547978 2.26839426939 0.698082144777 1.06969258868
0.47793131139 2.26867141423 0.697411920651 1.06921337362
0.47935661013 2.26894995532 0.696743869568 1.0687369492
0.48078137644 2.26922492187 0.696076649769 1.0682607068
0.48220561077 2.26949909843 0.695410985255 1.06778597226
0.48362931517 2.26977151936 0.694746587488 1.06731257039
0.48505249007 2.2700451013 0.694085578851 1.06684392614
0.48647513595 2.27031413749 0.693424169053 1.06637352731
0.48789725403 2.27058267206 0.692764215204 1.06590465108
0.48931884478 2.27084843896 0.692104559963 1.06543518678
0.49073990864 2.27111476891 0.691446749481 1.06496819754
0.49216044686 2.27137548666 0.690789415759 1.06450104184
0.49358045988 2.27163629415 0.690134891879 1.06403718391
0.49499994817 2.27189666143 0.689481339102 1.06357411802
0.49641891296 2.27215375043 0.688828607166 1.06311161828
0.49783735471 2.27241269554 0.688178318581 1.06265225326
0.49925527306 2.27266788576 0.687528028835 1.06219218762
0.50067266845 2.27293416497 0.686879905275 1.06173298174
0.50208954296 2.27318481369 0.686235786774 1.06128183547
0.50350589702 2.27343039736 0.685589011338 1.06082508742
0.50492173028 2.27368003933 0.684944687239 1.06037082788
0.5063370464 2.27392942558 0.684302248282 1.05991858865
0.50775184664 2.27417772935 0.683661103948 1.05946758413
0.50916612903 2.27442337282 0.683020818015 1.05901714504
0.51057989724 2.27466776529 0.682382126928 1.0585684318
0.51199315253 2.27491036513 0.681744940818 1.058121037
0.51340589212 2.27515232358 0.681108744798 1.05767450641
0.51481812129 2.2753920398 0.680473764741 1.05722894529
0.51622983807 2.27563141378 0.679840315713 1.05678511663
0.51764103967 2.27586802372 0.679207255147 1.05634128751
0.51905173546 2.27610535895 0.67857591306 1.05589949557
0.52046191532 2.27633933303 0.677945376756 1.05545792595
0.52187158621 2.27657256451 0.677316060124 1.05501767155
0.52328074938 2.27680555293 0.676688732075 1.05457942062
0.52468940772 2.27703649485 0.676062285389 1.05414189108
0.52609756411 2.27726565284 0.675437354495 1.05370557274
0.52750521248 2.27749496172 0.674813918913 1.05327098958
0.52891235737 2.27772162713 0.674191387227 1.05283717267
0.53031899839 2.27794901626 0.673570062105 1.05240465299
0.53172514007 2.27817081258 0.672948385994 1.05197078883
0.53313078286 2.27839934174 0.672331525113 1.05154330068
0.53453592721 2.27862241078 0.671714498326 1.0511146375
0.53594057437 2.27884499374 0.671098450903 1.05068709342
0.53734472643 2.27906641737 0.670484233184 1.05026122034
0.53874838302 2.27928606127 0.669871075322 1.04983621231
0.54015154622 2.27950524312 0.669259290972 1.04941264306
0.5415542173 2.27972378324 0.668649251239 1.04899092703
0.54295639753 2.27994284207 0.668041445778 1.04857149819
0.54435808653 2.28015763587 0.667432143633 1.04814974472
0.54575928802 2.28037262007 0.666825756258 1.04773150041
0.54716000165 2.28058728006 0.666220499685 1.0473144247
0.54856022868 2.28080071873 0.665616382753 1.04689829097
0.54995996872 2.28101410061 0.665013720602 1.04648381506
0.55135922387 2.2812203233 0.664412036222 1.04607003492
0.55275799459 2.28143239265 0.663812394709 1.0456577503
0.55415628379 2.28164608257 0.663213725492 1.04524725658
0.5555540911 2.28185494413 0.662616163756 1.04483730147
0.55695141861 2.28206301493 0.662019998474 1.0444288186
0.55834826759 2.28226939626 0.661424328875 1.04402047203
0.55974463934 2.28247577816 0.66083026053 1.0436137881
0.56114053179 2.28268133831 0.660237911854 1.04320873163
0.56253595038 2.28288673464 0.659646859033 1.0428052379
0.56393089307 2.28309073408 0.659056927045 1.0424023946
0.56532536196 2.28329512202 0.658469504134 1.04200221474
0.56671935834 2.28349404203 0.657880970294 1.0415998571
0.56811288264 2.28369625979 0.657295470407 1.0412012299
0.56950593532 2.28389566168 0.656710275402 1.04080248116
0.57089851849 2.28409577993 0.65612698182 1.04040591114
0.57229063177 2.28429370369 0.655544822136 1.04001029261
0.57368227643 2.28449255883 0.654964045236 1.03961626501
0.5750734546 2.28468919649 0.654383571769 1.03922205349
0.57646416422 2.2848842405 0.653804120246 1.03882876047
0.57785440824 2.28507642726 0.653224982861 1.03843517954
0.57924418963 2.28527106967 0.652648414825 1.03804501171
0.58063350632 2.28546284904 0.652072746297 1.03765527811
0.58202236043 2.28565353507 0.65149793009 1.03726618534
0.58341075242 2.28584242221 0.650924526367 1.03687824268
0.58479868442 2.2860317843 0.650352519918 1.03649173419
0.58618615603 2.28621901937 0.64978160801 1.03610620921
0.58757316854 2.28640565731 0.649211921164 1.03572182918
0.58895972325 2.28659148849 0.648643366378 1.03533856374
0.59034582229 2.28677614599 0.648075740801 1.03495592297
0.59173146527 2.28695984872 0.64750910901 1.03457414033
0.59311665434 2.28714312546 0.646943906964 1.03419375844
0.59450138993 2.28732531711 0.646379977186 1.03381455249
0.59588567334 2.28750679211 0.645816930351 1.03343613305
0.59726950588 2.28768844896 0.64525619319 1.03306002893
0.59865288715 2.28786695646 0.644695314978 1.03268308408
0.60003582015 2.28804555771 0.644136096537 1.03230800406
0.60141830447 2.2882228779 0.643578022716 1.03193402426
0.60280034227 2.28840013649 0.643020878136 1.03156095885
0.6041819323 2.28857648398 0.642465034587 1.03118904352
0.60556307841 2.28875273699 0.641910435085 1.03081840201
0.60694377937 2.28892753295 0.641356919481 1.03044864205
0.60832403732 2.2891021706 0.640804458693 1.03007997667
0.60970385357 2.28927702598 0.64025333236 1.02971277895
0.61108322858 2.28944907504 0.639702741935 1.0293455146
0.61246216365 2.28962172447 0.639153343854 1.02897962286
0.6138406601 2.28979434343 0.63860497081 1.02861489825
0.61521871838 2.28996524014 0.63805738918 1.02825058552
0.61659633895 2.29013571319 0.637511085485 1.02788765293
0.61797352397 2.29030566823 0.636965881448 1.02752567353
0.61935027476 2.29047449652 0.636421745785 1.02716458616
0.62072659178 2.29064281669 0.635879001609 1.02680478567
0.62210247291 2.29081047133 0.635337327039 1.02644597336
0.6234779229 2.29097679216 0.634796271172 1.02608756022
0.62485294135 2.29114244195 0.634256554556 1.02573045373
0.62622752872 2.29130783777 0.633717962601 1.02537439279
0.62760169152 2.29147230795 0.633180376299 1.02501930055
0.62897542154 2.29163587356 0.632643798835 1.02466502453
0.63034872705 2.2917981342 0.632108284468 1.02431156734
0.63172160504 2.29196073134 0.631573927416 1.02395936234
0.63309405683 2.29212299687 0.631041393898 1.02360898412
0.63446608375 2.29228280967 0.63050849975 1.02325769848
0.63583768974 2.29244240241 0.629977410897 1.02290834248
0.63720887177 2.29260271002 0.629447971565 1.02256072657
0.63857963206 2.29276067159 0.628919339641 1.02221363999
0.63994997105 2.29291868712 0.62839171067 1.02186770391
0.64131989008 2.29307602209 0.627865205144 1.02152278699
0.64268938875 2.29323192228 0.627339406235 1.02117831473
0.64405846839 2.29338739244 0.626814497123 1.02083455855
0.6454271277 2.29354315864 0.626290926927 1.02049243273
0.64679536891 2.2936955486 0.625768176251 1.0201506626
0.64816319072 2.29385015225 0.625246909931 1.01981076932
0.64953059622 2.29400238083 0.624726381724 1.01947117746
0.65089758413 2.2941551772 0.624207129169 1.01913312674
0.65226415667 2.29430634248 0.623688851913 1.01879600325
0.65363031253 2.29445800308 0.623171547205 1.01845985355
0.65499605572 2.29460812012 0.622655423196 1.01812464542
0.65636138316 2.29475815618 0.622140304334 1.01779048061
0.65772629796 2.29490797385 0.62162657433 1.017457689
0.65909079883 2.29505782933 0.621114182801 1.01712626157
0.66045488535 2.29520669153 0.620602587507 1.01679544665
0.66181856063 2.29535537838 0.620092160093 1.01646576076
0.66318182426 2.29550266714 0.619582780201 1.01613677589
0.66454467671 2.29564906264 0.619074383069 1.01580861418
0.66590711844 2.29579729144 0.618567594914 1.01548247735
0.66726915169 2.29594390132 0.61806142246 1.01515660907
0.66863077783 2.29609001591 0.617556347593 1.01483179837
0.66999199553 2.29623642438 0.617052730979 1.01450851495
0.67135280618 2.29638076764 0.61654951305 1.01418508636
0.67271321111 2.29652446989 0.616047402694 1.01386253597
0.67407321081 2.29666802099 0.61554679961 1.01354167716
0.67543280574 2.29680838775 0.615046378899 1.01322061906
0.67679199727 2.29695037318 0.61454847767 1.01290252173
0.67815078407 2.29708877958 0.614048317953 1.01258106725
0.67950916932 2.29722797203 0.613550005151 1.01226168952
0.68086715078 2.29736639807 0.613053458229 1.01194410221
0.68222473163 2.29750482745 0.612557682803 1.011627194
0.68358191144 2.29764463241 0.612063321854 1.01131198638
0.68493869248 2.29778292243 0.611569648867 1.01099710725
0.68629507343 2.29792066282 0.611077362987 1.01068357073
0.68765105566 2.2980578664 0.610586287875 1.0103709901
0.68900664145 2.29819456737 0.610096241188 1.0100593202
0.69036182766 2.29833188854 0.609607422149 1.00974877043
0.69171661839 2.29846865414 0.609119736968 1.00943931743
0.69307101229 2.29860487622 0.608633080155 1.00913079579
0.69442501167 2.29874102262 0.608147426835 1.0088233127
0.69577861609 2.29887625757 0.607662645597 1.00851642154
0.69713182693 2.29901079198 0.607179017685 1.00821062518
0.69848464377 2.29914526219 0.60669641326 1.00790580254
0.69983706799 2.29927924013 0.606215140066 1.00760232901
0.70118910098 2.29941402108 0.605736011045 1.00730132412
0.70254074141 2.29954734965 0.605257243865 1.00700017687
0.70389199157 2.29968144453 0.604780138875 1.00670063379
0.70524285011 2.29981673611 0.604305061458 1.00640358189
0.70659331935 2.29995717937 0.603833510261 1.00610951046
0.70794339793 2.30010152709 0.60336505836 1.00581909437
0.70929308818 2.30023786206 0.60289355247 1.00552491321
0.71064239057 2.30037133639 0.602421729599 1.00523025602
0.71199130466 2.30050317624 0.601949899669 1.00493521056
0.71333983464 2.30063457803 0.601478896965 1.00464077425
0.71468797821 2.30076641187 0.601009806252 1.00434852981
0.71603573678 2.30089724434 0.600541302754 1.00405677286
0.71738310991 2.30102763508 0.600073354123 1.00376522937
0.7187300953 2.3011578616 0.599606658018 1.00347483085
0.72007669436 2.30128735506 0.599140850675 1.00318515577
0.72142290666 2.30141648067 0.598675886155 1.00289620219
0.72276873825 2.30154529379 0.598211958098 1.00260820115
0.7241141859 2.3016741837 0.597749199268 1.0023213232
0.72545925103 2.301802064 0.597286726741 1.00203386616
0.726803936 2.30193155215 0.596826238949 1.00175012939
0.72814823941 2.30205902016 0.596366447913 1.00146598702
0.72949216271 2.30218672023 0.595907927487 1.00118328879
0.73083570731 2.30231396304 0.595450018518 1.00090088311
0.73217886995 2.30244080775 0.594992405627 1.00061862769
0.733521653 2.30256886528 0.594536490236 1.00033873253
0.73486405695 2.30269481703 0.5940799676 1.00005703214
0.73620608228 2.30282163019 0.593626233295 0.999778814386
0.73754773045 2.30294709627 0.59317330724 0.999501269231
0.73888900193 2.30307276153 0.592720632758 0.999223278007
0.74022989628 2.30319886142 0.592270347886 0.998947972633
0.74157041493 2.30332517335 0.591820584143 0.998673347272
0.74291055743 2.30345116183 0.591371453895 0.998399221143
0.74425032523 2.30357642891 0.590923342596 0.9981258037
0.74558972072 2.30370168782 0.590475610012 0.997852669977
0.74692874249 2.30382662416 0.590029308603 0.997581027659
0.74826739104 2.30395179316 0.589584115944 0.997310419625
0.74960566782 2.30407670911 0.589139779254 0.997040544031
0.75094357334 2.30420146116 0.588696643451 0.996771879033
0.75228110617 2.30432608003 0.588254063829 0.996503610394
0.75361826872 2.30445073342 0.587812536178 0.996236339049
0.75495505959 2.30457435979 0.587371752444 0.99596954515
0.75629148215 2.30469863843 0.586932224176 0.995704093236
0.75762753401 2.30482313809 0.586493762721 0.995439763536
0.75896321857 2.30494710448 0.586056274 0.995176190437
0.76029853536 2.30507040624 0.58561929698 0.994912914823
0.76163348297 2.30519371467 0.585183563103 0.994650787405
0.76296806477 2.30531612793 0.584748398237 0.994389026468
0.76430227936 2.30544056893 0.584314725456 0.994129136386
0.76563612723 2.30556368967 0.583881719946 0.993869580593
0.76696961082 2.30568701201 0.583449629961 0.993610861539
0.76830272968 2.30581001075 0.583018420292 0.993352873337
0.76963548527 2.30593372149 0.582588593133 0.99309640416
0.77096787714 2.3060568438 0.582158995103 0.992839736716
0.77229990773 2.30618005596 0.581730520078 0.992584503043
0.77363157757 2.30630267451 0.581302628584 0.992329591351
0.77496288716 2.30642635897 0.580876096966 0.992076154489
0.77629383798 2.30654864723 0.580450107472 0.991822915533
0.77762443055 2.30667071547 0.580025040149 0.991570543297
0.77895466245 2.30679354514 0.579601084534 0.991319233611
0.7802845381 2.30691532375 0.579177843565 0.991068713097
0.78161405607 2.3070372949 0.57875561549 0.990818910424
0.78294321588 2.30715871263 0.578334105699 0.990569696287
0.78427201903 2.30728142129 0.577914140219 0.990322278957
0.78560046703 2.30740200854 0.577494190088 0.990074381983
0.78692855841 2.30752395478 0.577075555892 0.989827837161
0.78825629369 2.30764486774 0.576657486256 0.989581750547
0.78958367439 2.30776622156 0.576240631526 0.989336852878
0.79091070101 2.3078866804 0.575823763725 0.989091775978
0.79223737309 2.30800822469 0.575408836258 0.988848939794
0.79356369014 2.30812851638 0.574994244774 0.988605997016
0.79488965569 2.30825015454 0.574580936571 0.98836470623
0.79621526825 2.30837026627 0.574168123489 0.988123524971
0.79754052835 2.30849055104 0.573756201785 0.987883106035
0.79886543651 2.30861057228 0.573345083461 0.987643455972
0.80018999326 2.30873077416 0.572935001163 0.987404801052
0.80151419911 2.30884915123 0.572524906989 0.987165442816
0.80283805459 2.30897080006 0.572116860792 0.986929010382
0.80416156024 2.30909120732 0.571709579308 0.986693139586
0.80548471455 2.30921116531 0.571303118542 0.986457863439
0.80680752007 2.30933071675 0.570897413604 0.986223238815
0.80812997431 2.30944956427 0.570492312739 0.985988648726
0.80945208082 2.30957041942 0.570088483883 0.985756311023
0.81077383608 2.30969026078 0.569685433936 0.985524065815
0.81209524164 2.30980978254 0.569282944576 0.985292318201
0.81341629903 2.30992952188 0.568881586515 0.985061746197
0.81473700778 2.31004956679 0.568481071701 0.984832137309
0.81605736942 2.31016835844 0.568081085442 0.98460266604
0.81737738347 2.31028715882 0.567682070111 0.984374254706
0.81869704944 2.31040594054 0.567283921783 0.984146749198
0.82001636991 2.31052417723 0.566886343382 0.983919535739
0.82133534235 2.31064255626 0.566489668961 0.983693218703
0.8226539683 2.31076043814 0.566093660671 0.983467513175
0.82397224933 2.31087793292 0.565698405019 0.983242405488
0.82529018701 2.31099512317 0.565303799727 0.983017854172
0.82660777775 2.3111118773 0.564909881994 0.982793739427
0.82792502416 2.31122969889 0.564517374697 0.982571142711
0.82924192676 2.31134616297 0.564124941303 0.982348251507
0.8305584861 2.31146494556 0.563733907607 0.982126805572
0.83187470272 2.31158299725 0.563343538244 0.981905753183
0.83319057716 2.3116992967 0.562953732933 0.981685433558
0.83450610787 2.31181437635 0.562564471253 0.981465667882
0.83582129853 2.31192947161 0.56217580096 0.981246416524
0.83713614551 2.31204534971 0.561788202492 0.981028149395
0.83845065249 2.3121614553 0.561401313665 0.980810525061
0.8397648179 2.31227806787 0.561015353211 0.98059382113
0.84107864231 2.31239331482 0.560630369912 0.980377754022
0.84239212521 2.31250866452 0.56024591566 0.980162383988
0.84370526924 2.31262378461 0.559862015798 0.97994738654
0.84501807179 2.31273969143 0.559479192268 0.979733492848
0.84633053763 2.31285422014 0.559096969455 0.979519872931
0.84764266308 2.3129696434 0.558715488775 0.979307392183
0.84895445186 2.31308571583 0.558334668629 0.979095320681
0.85026590241 2.31320064894 0.557954558437 0.978883657529
0.85157701528 2.3133168577 0.557575633074 0.978673381774
0.85288779314 2.31343227661 0.557197266977 0.978463385943
0.85419823336 2.31354841007 0.556820406633 0.978255245213
0.8555083365 2.31366490564 0.556444038175 0.978047275186
0.85681810629 2.31378009588 0.556067968388 0.977839304038
0.85812753797 2.31389458053 0.555692655301 0.977631905509
0.85943663315 2.31400952902 0.555318149301 0.977425425448
0.86074539133 2.31412377546 0.554944309644 0.977219472213
0.86205381091 2.31423796462 0.55457118233 0.977014050745
0.86336188816 2.31435269233 0.554198923639 0.976809661139
0.86466963008 2.31446686631 0.553827197792 0.976605649098
0.865977034 2.31458019659 0.55345607702 0.976402047891
0.86728409507 2.31469486082 0.553085847357 0.976199557495
0.86859081926 2.31480795149 0.552716405364 0.975997617643
0.86989720604 2.31492096212 0.55234737719 0.975795918778
0.87120325921 2.31503383879 0.551979160034 0.975595011789
0.87250897392 2.31514679069 0.55161163287 0.975394706568
0.87381434964 2.31525920968 0.551244173768 0.975193988258
0.87511939127 2.31537235722 0.550878121142 0.974995188027
0.87642409393 2.31548552874 0.550512545038 0.974796879129
0.87772846255 2.31559883942 0.550147761008 0.97459931719
0.87903249332 2.31571183184 0.549783691137 0.974402405255
0.88033618789 2.31582560637 0.549420148237 0.974206007059
0.88163954683 2.31593968375 0.549057880154 0.974010955655
0.8829425696 2.31605276119 0.548696101747 0.973816074531
0.88424525786 2.31616569082 0.548335061348 0.973621845147
0.88554761219 2.31627886052 0.547974829339 0.97342846032
0.88684963205 2.3163923157 0.547615156882 0.973235642049
0.88815131689 2.31650551671 0.547256209341 0.973043413077
0.8894526684 2.31661853188 0.546898231338 0.972852003478
0.89075368603 2.31673194672 0.546541160392 0.972661483198
0.89205436814 2.31684467153 0.54618443146 0.972471089048
0.89335471862 2.31695819833 0.545828795194 0.97228188587
0.89465473806 2.31707263799 0.54547355856 0.972092523754
0.89595442813 2.3171868964 0.545119266481 0.971904352666
0.89725378943 2.3172977574 0.544763242042 0.971712956083
0.8985528214 2.31741447421 0.54441275936 0.971529815254
0.89985152351 2.31752601378 0.544060193058 0.971344082202
0.90114989857 2.31763996355 0.543708747991 0.971158678235
0.9024479438 2.31775263469 0.543358089585 0.970973766619
0.90374566202 2.31786580634 0.543007907366 0.970789385222
0.90504305269 2.31797848139 0.542658737466 0.970605913742
0.9063401164 2.31809042064 0.542309733734 0.970422595135
0.90763685146 2.31820350185 0.541962073474 0.970240656795
0.90893325732 2.31831634341 0.541614719205 0.970058959763
0.91022933682 2.31842921616 0.541268109072 0.969877946236
0.91152508943 2.31854183461 0.540922271439 0.969697629142
0.91282051573 2.31865454027 0.540577068894 0.969517925819
0.91411561174 2.31876736998 0.540232355256 0.969338639619
0.91541038261 2.31888070399 0.539888547655 0.969160491497
0.9167048255 2.31899305732 0.539545116553 0.968982457486
0.91799894099 2.31910574128 0.539202437415 0.968805221212
0.91929272967 2.31921972686 0.538861240232 0.968629897852
0.92058619214 2.319331402 0.538519354693 0.968453119328
0.92187932668 2.31944309589 0.538178531959 0.968277446948
0.92317213502 2.31955581956 0.537838629791 0.968102656926
0.92446461893 2.31966840785 0.537499454739 0.967928624071
0.92575677204 2.31978133345 0.537160940211 0.96775516765
0.92704860306 2.31989405698 0.536822963143 0.967582131559
0.92834010678 2.32000713698 0.536485631263 0.967409779866
0.92963128263 2.32012036335 0.536149039897 0.967238035055
0.93092213587 2.3202333333 0.53581295367 0.967066655075
0.93221266124 2.32034647145 0.535477780946 0.966896040378
0.93350286287 2.32045872119 0.535143146655 0.966725807438
0.93479273783 2.32057277135 0.534809296752 0.966556444581
0.93608229259 2.32068524789 0.534476134274 0.966387382428
0.93737151952 2.32079946113 0.53414374645 0.966219194793
0.93866042511 2.32091265112 0.533812058109 0.966051537686
0.93994900525 2.3210269461 0.533480987305 0.96588446436
0.94123726289 2.32114041425 0.533150339832 0.965717659842
0.94252519509 2.32125453814 0.532820702395 0.965551859672
0.94381280601 2.32136816727 0.532491299418 0.965386136843
0.9451000915 2.32148227998 0.532162860975 0.965221252922
0.94638705574 2.3215959982 0.531834694141 0.965056519772
0.94767369696 2.32170939395 0.531507614142 0.964892823113
0.94896001455 2.32182377321 0.531180907105 0.964729363202
0.95024601033 2.32193752711 0.530854815352 0.964566447114
0.95153168372 2.32205144624 0.530529285267 0.964403952789
0.95281703531 2.32216561695 0.530204467734 0.964242077695
0.95410206573 2.32227966835 0.5298802519 0.964080700922
0.95538677437 2.32239332809 0.529556713417 0.963919785901
0.95667116065 2.32250757642 0.529233478438 0.963759121202
0.95795522638 2.32262240902 0.528911487587 0.963599858073
0.95923897341 2.32273705761 0.528589937771 0.963440859157
0.96052239748 2.32285134214 0.528268742298 0.963282045344
0.96180550042 2.32296639094 0.527948583456 0.963124409942
0.96308828285 2.32308155665 0.527628911031 0.962967127964
0.96437074662 2.3231958539 0.527309667742 0.962810123891
0.96565288745 2.32330263291 0.526966631313 0.962668270991
0.96693470964 2.32341674887 0.526644527881 0.962513543705
0.96821621258 2.32353071969 0.526327065981 0.962358862003
0.96949739689 2.32364601384 0.526009816119 0.962204454982
0.97077826198 2.32376087011 0.525693383617 0.96205084178
0.9720588097 2.32387485479 0.525377807398 0.961898094615
0.97333903696 2.32398803203 0.52506232275 0.961745725123
0.97461894686 2.32410072081 0.524747493639 0.961593889951
0.97589853881 2.32421066536 0.524434315462 0.961442866645
0.97717781467 2.32432495007 0.524121693378 0.961291551386
0.97845677133 2.32444512972 0.523809121757 0.96114057732
0.97973541318 2.32456155652 0.523498052324 0.960989622628
0.98101373583 2.32467997089 0.523187788757 0.960839541943
0.98229174369 2.3247966159 0.522877786771 0.960689288847
0.98356943615 2.32491247066 0.522568440385 0.960539804637
0.98484681257 2.32503100924 0.522259439948 0.96039075358
0.98612387233 2.32514978119 0.521952002056 0.960242206224
0.9874006148 2.32526832463 0.521644534341 0.960093937016
0.98867704443 2.32538668341 0.521371386964 0.959932608974
0.98995315678 2.3255035084 0.521066246283 0.959788397143
0.99122895631 2.32561918468 0.520760334997 0.959642458794
0.99250443985 2.32573411717 0.52045338869 0.959494518955
0.99377960931 2.32584951512 0.520149107406 0.959350017885
0.99505446405 2.3259652447 0.519844074082 0.959204070288
0.99632900345 2.32608301178 0.519543050861 0.959064129028
0.99760322942 2.32619824468 0.519238420112 0.958918008609
0.99887714264 2.32631421025 0.518935928043 0.958774625626
1.0001507437 2.32643000245 0.518634672645 0.958632722103
1.0014240308 2.32654753567 0.51833387143 0.958491479303
1.0026970071 2.32666255167 0.518032853563 0.958348965619
1.003969668 2.32678097918 0.517735462099 0.958211885137
1.0052420181 2.3268964237 0.517434569925 0.958068848852
1.0065140581 2.32701269578 0.517135788321 0.957928420177
1.0077857874 2.32712975822 0.516839668121 0.957792029834
1.0090572039 2.32724584217 0.51654067228 0.957650606041
1.0103283097 2.32736272409 0.516243905611 0.957512074225
1.0115991067 2.32748006847 0.515949683136 0.957377131527
1.012869593 2.32759568179 0.515652149499 0.957236724886
1.0141397692 2.32771262751 0.51535745275 0.957099972898
1.0154096374 2.327830212 0.515065268073 0.956966685551
1.0166791968 2.32794580267 0.514769493373 0.956827609985
1.0179484481 2.32806261852 0.514476712981 0.956692316019
1.019217392 2.32817988744 0.514186251767 0.956560325621
1.0204860266 2.32829549088 0.513892352074 0.956422604883
1.0217543538 2.32841209587 0.51360127838 0.956288581878
1.0230223743 2.32853002933 0.513312790443 0.95615841811
1.0242900888 2.32864613962 0.513021586057 0.95602291807
1.0255574966 2.3287622673 0.512732157109 0.955890021688
1.0268245957 2.32887996874 0.512444374751 0.955759293133
1.0280913882 2.32899591294 0.512155962204 0.955626959649
1.0293578719 2.32911403932 0.511870638952 0.955499055479
1.0306240517 2.32922967332 0.511582533113 0.95536605434
1.0318899229 2.3293466795 0.511296656782 0.955236214892
1.0331554901 2.32946410999 0.51101251913 0.955108799154
1.03442075 2.32958148573 0.510728289135 0.954980326144
1.0356857046 2.32969824622 0.510444111348 0.9548515896
1.0369503561 2.32981367389 0.510159044739 0.9547208233
1.0382147009 2.32993255889 0.509877985907 0.954596303922
1.0394787425 2.33004949261 0.509595392339 0.95446859528
1.0407424789 2.33016591323 0.509312650077 0.954339948522
1.0420059107 2.33028151317 0.509030624846 0.954211983401
1.0432690415 2.33039815298 0.50874944585 0.954084879387
1.0445318663 2.33051784633 0.508473046927 0.953965239958
1.0457943901 2.33063513543 0.508193966933 0.953840472697
1.0470566136 2.33075233823 0.507915521293 0.953716145613
1.0483185332 2.33086899439 0.507635954896 0.953589437569
1.0495801512 2.33098563879 0.507359128103 0.953466560375
1.0508414681 2.33110334189 0.5070830476 0.953344508398
1.0521024847 2.33121987286 0.506805981337 0.953220174188
1.0533631989 2.33133857673 0.506532625964 0.953101429807
1.0546236143 2.33145373938 0.506256538373 0.952977481187
1.0558837301 2.33157268055 0.50598325135 0.952857413088
1.0571435456 2.33168900089 0.505712438743 0.952741213521
1.058403063 2.33180543895 0.505438289299 0.952618607
1.0596622802 2.33192448602 0.505165525796 0.952497553333
1.0609212022 2.33204184191 0.504896933744 0.952383077446
1.0621798268 2.33215945076 0.50462634752 0.952264492105
1.0634381548 2.33227664968 0.504354951691 0.952143893866
1.0646961869 2.3323929979 0.504085346055 0.952025495609
1.0659539239 2.33251126795 0.503818258623 0.951910837053
1.067211365 2.33262776661 0.503548222105 0.95179075116
1.0684685124 2.33274567067 0.503281452073 0.951675079114
1.0697253669 2.33286458043 0.503014782876 0.951559420618
1.0709819277 2.33298065029 0.502748425987 0.951443095272
1.0722381957 2.33309876881 0.502483780348 0.951328689456
1.0734941715 2.33321741074 0.502220010521 0.951215646773
1.074749856 2.33333129026 0.501949877006 0.951091475901
1.0760052498 2.33345131965 0.501689600232 0.950982756127
1.0772603538 2.33356693677 0.501423887963 0.950864846942
1.0785151671 2.33368573334 0.501165127327 0.950757095877
1.0797696698 2.33380218136 0.500900640844 0.950640082302
1.0810238339 2.33392059773 0.500642184649 0.950531742603
1.0822776558 2.33403589252 0.500378762222 0.950415047278
1.0835311436 2.33415576821 0.500124438341 0.950312335284
1.0847842904 2.33427221903 0.4998634258 0.950198178083
1.0860371014 2.3343891352 0.499604878412 0.950087780163
1.0872895728 2.33450804371 0.4993494752 0.949981427123
1.0885417114 2.33462166981 0.499090415396 0.949868520301
1.0897935116 2.3347401097 0.49883690965 0.949764307336
1.0910449804 2.33485506458 0.498577458493 0.949649391235
1.0922961153 2.33497155118 0.498323783173 0.949543575515
1.0935469155 2.33508408619 0.498064359781 0.949427461434
1.0947973848 2.33520136303 0.497813352435 0.9493244467
1.0960475254 2.33531564064 0.497557531278 0.949213322997
1.0972973333 2.33543127602 0.49730773159 0.949111197815
1.0985468124 2.33554687622 0.497052080164 0.948998730268
1.0997959649 2.33566159358 0.496802699494 0.948896457758
1.1010447884 2.33577694142 0.49655055397 0.948788314592
1.1022932868 2.33589158982 0.496299596217 0.948682057868
1.1035414561 2.33600516625 0.496051683459 0.948579813284
1.1047893047 2.33612120261 0.495801902727 0.94847373483
1.1060368273 2.33623548469 0.495552008489 0.948367232006
1.1072840275 2.33634988951 0.495304943718 0.948264270925
1.1085309062 2.33646463857 0.495057786298 0.948160638085
1.1097774625 2.33657773602 0.494811018545 0.948057024878
1.1110236988 2.33669146469 0.494563397761 0.94795190904
1.1122696156 2.33680410082 0.494319942208 0.947851843445
1.1135152139 2.33692212813 0.494081088376 0.947755818988
1.1147604943 2.33703636805 0.493839653102 0.947654126102
1.1160054577 2.33714891211 0.493598279321 0.947553665147
1.1172501062 2.3372654273 0.493355923213 0.94745375683
1.1184944391 2.33737319276 0.493107549491 0.94734786503
1.1197384605 2.33748554489 0.492860912631 0.947246129487
1.1209821661 2.33759691932 0.492616316835 0.947140312842
1.1222255583 2.33770764941 0.492380885721 0.947046495513
1.1234686396 2.33782424833 0.492143662739 0.946954267247
1.1247114107 2.33793459068 0.491899967105 0.946847113867
1.125953874 2.33804506221 0.4916665181 0.946756554162
1.1271960238 2.33815941453 0.491424603723 0.946651991349
1.1284378674 2.33827181571 0.491180055437 0.946543980525
1.1296794056 2.33837974739 0.49095522456 0.946463596036
1.1309206358 2.33849694581 0.490716097183 0.946363476262
1.1321615606 2.33860501164 0.490479825044 0.946264680638
1.1334021823 2.33872059491 0.490246387017 0.946171926329
1.1346424968 2.33883327357 0.490012685015 0.94607653472
1.1358825099 2.33894070395 0.489777604059 0.945977947555
1.1371222224 2.33905446646 0.489546935507 0.945887454633
1.13836163 2.33916520945 0.489312881742 0.945790094196
1.1396007437 2.3392742732 0.489081341223 0.945695411794
1.1408395525 2.33938505996 0.488850585581 0.945601975373
1.1420780674 2.33949895552 0.488620474299 0.945509791574
1.1433162807 2.33960602863 0.488391742179 0.945417229044
1.1445542 2.33971848726 0.488162992671 0.945325425569
1.145791821 2.33982599397 0.487933694484 0.945231386944
1.1470291463 2.33993842557 0.487706218681 0.945140290185
1.1482661803 2.34004954434 0.487480683481 0.945052534648
1.1495029149 2.34015540488 0.487251801443 0.944957151931
1.1507393617 2.34026700287 0.48702675276 0.944868000239
1.1519755178 2.34037830309 0.48680302867 0.944780889411
1.1532113772 2.34048364946 0.486576052756 0.944686591984
1.1544469495 2.34059522324 0.486353255285 0.944599074096
1.1556822339 2.34070268837 0.486129111154 0.944508867371
1.1569172258 2.34081221128 0.485906402775 0.944419756423
1.1581519315 2.34091838729 0.48568347572 0.944330615757
1.15938635 2.34102942273 0.485463229742 0.944244746585
1.1606204841 2.34113632183 0.485241703539 0.944156077661
1.1618543346 2.34124433619 0.485021469253 0.944068867045
1.1630878971 2.34135404687 0.484803544417 0.9439841187
1.164321176 2.34145894526 0.484581803591 0.943893497502
1.1655541722 2.34156583011 0.484363785437 0.943808150346
1.1667868902 2.34167442988 0.484146850602 0.943723708082
1.1680193256 2.34178266507 0.483930187471 0.943639025334
1.1692514811 2.34189032979 0.483713926478 0.943554329193
1.1704833575 2.34199715177 0.483497954977 0.943469452539
1.1717149558 2.34210371469 0.483282701179 0.943385077448
1.172946277 2.3422108221 0.483068078503 0.943301249523
1.1741773219 2.34231726107 0.482854205278 0.943217675226
1.1754080897 2.34242387874 0.482641136074 0.943134813873
1.1766385831 2.34252992386 0.482428455781 0.943051932433
1.1778688013 2.34263477107 0.482215913782 0.942968582873
1.1790987489 2.34273932873 0.482003238855 0.942884329758
1.1803284251 2.34284763864 0.481793755119 0.942804263286
1.1815578307 2.34295216327 0.48158352994 0.942723259691
1.1827869611 2.34305740018 0.481373987651 0.942642092874
1.184015823 2.34316404032 0.481164938346 0.942561848775
1.1852444173 2.34326936649 0.4809576631 0.94248232847
1.1864727431 2.3433714544 0.48074804874 0.942399104548
1.1877008033 2.34347913304 0.480543671163 0.942324415962
1.1889285951 2.34358233474 0.48033575502 0.942242157389
1.1901561214 2.3436883383 0.480130818626 0.942164525667
1.191383387 2.34379123736 0.479924024884 0.94208315629
1.1926103892 2.34389594907 0.479720472588 0.942006752753
1.193837125 2.34400047048 0.479517116702 0.94192952553
1.1950636033 2.34410306227 0.479312687003 0.941849813688
1.1962898212 2.34420686335 0.479110966118 0.94177419534
1.1975157758 2.34431051624 0.478909472862 0.941697910324
1.198741476 2.34441354183 0.478708438844 0.941622177654
1.199966911 2.34451598311 0.478506864378 0.941544305813
1.2011920937 2.34461889575 0.478306063683 0.941467122694
1.2024170173 2.34472170798 0.478107322461 0.941393100883
1.2036416869 2.34482301629 0.477907878278 0.941316884797
1.2048661014 2.34492655462 0.477710456785 0.941243276911
1.206090262 2.34502738795 0.477511841004 0.941166948716
1.2073141718 2.34513054372 0.477315849229 0.94109450168
1.2085378298 2.34523199252 0.477118784671 0.941019082928
1.2097612331 2.34533370736 0.476923778931 0.940946962764
1.210984393 2.34543632313 0.47673022892 0.940876600848
1.2122072962 2.34553747824 0.476535263302 0.940802290644
1.2134299584 2.345637197 0.476340738632 0.940728674778
1.2146523702 2.34573861862 0.4761495539 0.940658464565
1.2158745328 2.34583715017 0.475954208504 0.940583078505
1.2170964536 2.34593931154 0.475761978476 0.940512137744
1.2183181275 2.34603953045 0.475571998327 0.940442315526
1.2195395556 2.34613883555 0.475380530465 0.940370230466
1.2207607454 2.34623844658 0.475190196244 0.940299499718
1.221981696 2.34633595201 0.475000475042 0.940228474797
1.2232023957 2.34643630073 0.474811145862 0.94015827231
1.2244228586 2.34653420597 0.474622239043 0.940087625085
1.2256430837 2.34663398062 0.474435200647 0.940019256753
1.2268630722 2.34673114195 0.474246810566 0.939948433335
1.228082821 2.34682905298 0.474060088379 0.939879703712
1.2293023292 2.34692700874 0.473873935278 0.939810375049
1.2305216022 2.34702439533 0.473687501736 0.939740650828
1.2317406436 2.34712236964 0.473503918441 0.93967422462
1.2329594501 2.34721810006 0.473320170437 0.939606978223
1.2341780252 2.34731586196 0.473132564648 0.939533943858
1.235396368 2.34741223094 0.47295208866 0.939470340888
1.2366144798 2.34750817604 0.472766660411 0.939399075577
1.2378323595 2.34760386782 0.472586026636 0.939334273998
1.2390500107 2.3476993083 0.472405748472 0.939269476197
1.2402674346 2.34779511156 0.472221712551 0.939198052973
1.2414846303 2.34789018318 0.47204123407 0.939131616115
1.2427015992 2.3479855664 0.471864539267 0.939070319409
1.2439183424 2.34808063572 0.471684246387 0.93900320677
1.245134859 2.34817459879 0.471507728151 0.938940179709
1.2463511527 2.34826716739 0.471324584896 0.938867252833
1.2475672248 2.3483622609 0.471151758141 0.938809414244
1.2487830767 2.34845783186 0.470974257055 0.938744211638
1.2499987074 2.3485484642 0.470793988996 0.938673169084
1.2512141206 2.34864095008 0.470620739522 0.938613217244
1.2524293106 2.34873493641 0.470445499612 0.938549080287
1.2536442787 2.34882666517 0.470270305599 0.938484476633
1.2548590312 2.34892027583 0.470096787985 0.938421751183
1.2560735694 2.34901143496 0.469922942479 0.938357828893
1.2572878972 2.34910273408 0.469748337837 0.938291837321
1.2585020039 2.34919404712 0.469575454707 0.938228439388
1.2597158933 2.34928522741 0.469406005079 0.938169316265
1.2609295742 2.34937670024 0.469235806558 0.938108990634
1.2621430482 2.34946580755 0.469064047199 0.938044991547
1.2633563019 2.34955628064 0.46889352157 0.937982497165
1.2645693465 2.34964749094 0.468725656079 0.937923336233
1.2657821912 2.34973453627 0.468555784916 0.93786011455
1.2669948174 2.34982385574 0.468385970808 0.937797677164
1.2682072366 2.34991232003 0.468215088924 0.93773126116
1.2694194605 2.35000373582 0.468050793651 0.937675553747
1.2706314627 2.35008976587 0.467884959591 0.937616844072
1.2718432702 2.35017802785 0.467718048614 0.937555293542
1.2730548718 2.35026613189 0.467553902551 0.937496771071
1.274266269 2.35035429151 0.467386876457 0.937434365099
1.2754774713 2.35043969193 0.467222212505 0.937374831178
1.2766884592 2.3505286266 0.467060459015 0.93731801777
1.2778992633 2.35061385823 0.466896757567 0.937258358704
1.279109851 2.35070134067 0.466733346619 0.937198820843
1.2803202582 2.35078471651 0.466570730653 0.937139913688
1.2815304494 2.35087176978 0.466410078774 0.937082058352
1.2827404609 2.35095637007 0.466246454414 0.937020621206
1.2839502676 2.35104227363 0.466086363595 0.936963476503
1.2851598819 2.35112350948 0.465921960771 0.93689872222
1.2863693083 2.35120886985 0.465764193284 0.936844688096
1.2875785293 2.35128956033 0.465605069333 0.936787908042
1.2887875742 2.35137187691 0.465441956776 0.936723156227
1.2899964087 2.35145475685 0.46528358758 0.93666585866
1.2912050622 2.35153866366 0.465129652277 0.936614940085
1.2924135368 2.35161936745 0.464968688956 0.936553230824
1.2936218003 2.35170126685 0.464812708738 0.936497644153
1.2948298883 2.35178311801 0.464656467776 0.936440844709
1.2960378 2.3518659128 0.464501819427 0.936387062289
1.2972455057 2.35194714436 0.464346467978 0.936329543912
1.298453033 2.35202760189 0.464191000243 0.93627172733
1.2996603867 2.35210846352 0.46403886402 0.936219954174
1.3008675572 2.35218838843 0.463884415792 0.936162175132
1.3020745315 2.35227037638 0.463731314765 0.936105809015
1.3032813321 2.35235058979 0.463579570979 0.936052726974
1.304487958 2.35243074983 0.463429339994 0.935999936572
1.3056944112 2.35251030569 0.463277590966 0.93594444561
1.3069006787 2.35259083054 0.46312774697 0.935890914703
1.3081067623 2.35267023782 0.462977865255 0.935836997607
1.3093126731 2.35274940794 0.462828544036 0.935783207573
1.31051841 2.35282833333 0.462680145477 0.935730482348
1.311723975 2.35290731663 0.462532013749 0.935677299257
1.3129293703 2.35298618814 0.462384377715 0.935624318842
1.3141345948 2.35306446994 0.46223741221 0.935571173796
1.3153396475 2.35314286806 0.462090887267 0.935519023886
1.3165445177 2.35322124299 0.461945898697 0.935467762496
1.3177492202 2.35330015714 0.461799989729 0.935414954118
1.318953757 2.35337608741 0.46165423229 0.93536195178
1.3201581239 2.35345399899 0.461510480076 0.935311042075
1.3213623263 2.35353147056 0.461367187785 0.935260166618
1.3225663631 2.35360821388 0.461224114996 0.935209481276
1.3237702332 2.35368488508 0.461081227246 0.93515837069
1.3249739389 2.35376107643 0.460938989123 0.935107461766
1.3261774823 2.35383709639 0.460797388318 0.935056636519
1.3273808625 2.35391336439 0.460656368889 0.935006926377
1.3285840816 2.35398904415 0.460515981177 0.934956816174
1.329787142 2.35406553119 0.460377197053 0.934909024747
1.3309900426 2.35414097724 0.460236822226 0.934858149364
1.3321927858 2.35421485073 0.4600967397 0.934807721915
1.3333953601 2.35428888126 0.459957371511 0.934757195271
1.3345977746 2.35436356873 0.459819510147 0.934708439442
1.3358000316 2.35443803085 0.459682805494 0.934660597794
1.3370021337 2.3545113684 0.459545548915 0.934611657762
1.3382040833 2.35458582153 0.459409044692 0.934563301794
1.3394058829 2.35465951712 0.459272307709 0.934514244882
1.3406075351 2.35473258205 0.459137819936 0.934467507304
1.3418090389 2.35480499956 0.459003104089 0.934419754404
1.3430103676 2.35487889397 0.458868458145 0.934372499362
1.3442115453 2.3549509525 0.458734339332 0.934324717651
1.3454125784 2.35502271228 0.458599936307 0.93427638804
1.3466134698 2.35509623384 0.458468628963 0.934231783166
1.3478142222 2.35516868879 0.458335800933 0.934184573006
1.3490148042 2.35523816354 0.458202949184 0.934136344199
1.3502152333 2.35531044879 0.458071477465 0.934090710785
1.3514155275 2.35538119703 0.457941149802 0.934044882178
1.352615694 2.35545278678 0.457810968895 0.933999279869
1.3538156965 2.35552243801 0.457681040116 0.933953811764
1.3550155411 2.35559349453 0.457552754548 0.933909454194
1.3562152625 2.35566328723 0.45742285452 0.933862930533
1.3574148642 2.35573372928 0.457295028837 0.933818560357
1.3586142681 2.3558030288 0.457167195978 0.933773966051
1.3598135535 2.35587318783 0.457039203079 0.933728675198
1.3610127284 2.35594320492 0.456913550529 0.933685418068
1.3622117215 2.35601107391 0.456786418556 0.933640340717
1.3634105806 2.3560800295 0.456661784361 0.933597583409
1.3646093389 2.35615059173 0.45653607614 0.933553668945
1.3658079106 2.35621664398 0.456409958978 0.933508653747
1.3670063619 2.35628518932 0.456286406977 0.933466126403
1.3682047187 2.35635276794 0.456162648248 0.933423044153
1.3694028663 2.3564208417 0.456039490287 0.933380143455
1.37060093 2.35648856229 0.455916172014 0.933336933662
1.3717988477 2.35655436978 0.45579405213 0.933294421175
1.3729966127 2.35662175784 0.455672393072 0.933252330848
1.3741943059 2.35668811448 0.455551085334 0.933210121688
1.3753917801 2.356754821 0.455428554391 0.933166504726
1.3765891942 2.35682111045 0.455309562473 0.933125970309
1.3777864275 2.35688729784 0.455190124678 0.933085225044
1.3789835617 2.35695272745 0.45507057367 0.93304331668
1.3801805591 2.35701810419 0.454951484962 0.933002021472
1.3813774221 2.3570834493 0.454833067531 0.932961011757
1.3825741793 2.35714801012 0.454715555179 0.932920726376
1.383770775 2.35721195526 0.454598067535 0.932880141311
1.3849672875 2.35727688702 0.454480223261 0.932838745759
1.3861636253 2.35734243722 0.454363772639 0.932799420502
1.3873598882 2.35740524124 0.45424787722 0.932758939284
1.3885559777 2.35746961839 0.454132309232 0.932719279764
1.3897519857 2.3575319319 0.454016945831 0.932679023588
1.3909478373 2.35759595796 0.453902951005 0.932640234355
1.3921435847 2.3576588677 0.45378806109 0.932600665616
1.3933392147 2.357721259 0.453673793996 0.932560397076
1.3945346954 2.35778326596 0.453561231254 0.932521847018
1.3957301214 2.35784504031 0.453448689058 0.93248235854
1.3969253286 2.3579071373 0.453335986346 0.932444103529
1.3981205358 2.35796840195 0.453222583559 0.932405023908
1.3993155015 2.35803040693 0.45311180573 0.932366831389
1.4005104279 2.35809130425 0.453002387172 0.932329430209
1.4017052272 2.35815233692 0.452891853352 0.932291852639
1.4028998647 2.35821395905 0.452782385141 0.932254106676
1.4040945022 2.35827318393 0.452671084525 0.93221553843
1.4052888657 2.35833428461 0.452562564473 0.932178591988
1.4064832053 2.35839398549 0.452453598746 0.932141245202
1.4076774649 2.35845480195 0.452346818205 0.932104785622
1.4088714967 2.35851404426 0.452239089013 0.932068427119
1.4100655284 2.35857267732 0.45213130533 0.932031264532
1.411259407 2.35863212484 0.452024419177 0.931994286957
1.4124531196 2.35869051444 0.451917665415 0.931957867639
1.4136468321 2.35874732798 0.451810499552 0.931919560451
1.4148403588 2.35880765508 0.451707792095 0.931886563785
1.4160337394 2.35886541846 0.451602947893 0.931850957574
1.4172271201 2.35892367345 0.451499627437 0.9318160068
1.4184203481 2.35898126974 0.451394864417 0.931780079681
1.4196133819 2.35903773565 0.451290092945 0.931744192079
1.4208064157 2.35909571821 0.451190526227 0.931711153249
1.4219994058 2.35915433518 0.451086948747 0.931676404353
1.4231920755 2.3592088612 0.450985161738 0.931640984414
1.4243847451 2.35926561974 0.450884234771 0.931606698294
1.4255774147 2.35932026926 0.450782033218 0.93157164454
1.4267698612 2.3593764296 0.450681874278 0.931537593195
1.4279621461 2.35943038249 0.450580742499 0.931502804599
1.429154431 2.35948635344 0.450481210977 0.931468882692
1.4303467159 2.35954110011 0.450381755793 0.931435255841
1.4315386975 2.35959613237 0.450283119548 0.931401718412
1.4327305726 2.35965016314 0.450183974365 0.931367612932
1.4339224476 2.35970358449 0.450086085811 0.931334760953
1.4351143227 2.35975776249 0.449988741736 0.93130108266
1.4363059593 2.3598115001 0.449891842269 0.931267929781
1.4374973929 2.35986359574 0.449793495033 0.931233939197
1.4386888265 2.35991779778 0.44969869719 0.93120192206
1.4398802602 2.35997070968 0.449603087111 0.931169310726
1.4410716938 2.36002263978 0.449507337965 0.931136257561
1.4422626931 2.36007427954 0.449410437896 0.931102261093
1.4434536441 2.36012523086 0.449315160683 0.931069579091
1.4446445952 2.36017685897 0.449221393302 0.931037285826
1.4458355462 2.36022795408 0.449127339245 0.931004978744
1.4470264973 2.36027856789 0.449033629391 0.930972299522
1.4482170923 2.36032919717 0.448940266053 0.930940111162
1.449407504 2.36037991433 0.448849061574 0.930908569883
1.4505979157 2.36042969487 0.448754621906 0.930874953294
1.4517883273 2.36047836167 0.448662536137 0.930843326131
1.452978739 2.36052769609 0.448570987826 0.930811460668
1.4541691507 2.36057659425 0.448478566134 0.930779035511
1.4553592122 2.36062595757 0.448388519872 0.930747368355
1.4565489987 2.36067472148 0.448298392625 0.930716827956
1.4577387851 2.36072297433 0.448208835779 0.930684979635
1.4589285716 2.36077009628 0.448118176412 0.930652966821
1.4601183581 2.36081700579 0.448028296741 0.930621065832
1.4613081445 2.3608645615 0.447939496555 0.930590181508
1.462497931 2.36091049361 0.447849187425 0.930557776802
1.463687578 2.36095897462 0.447762135587 0.93052726481
1.4648765898 2.3610053676 0.447674787001 0.930496887723
1.4660656017 2.36105106343 0.447586823902 0.930465577093
1.4672546135 2.36109726423 0.447500628831 0.930434964378
1.4684436254 2.36114263401 0.447412514363 0.930403819293
1.4696326373 2.36118634195 0.447324849667 0.930371047126
1.4708216491 2.36123195672 0.44723993346 0.930342231975
1.472010661 2.36127684532 0.447154169763 0.930311707911
1.4731996728 2.3613212872 0.447068999842 0.930281275069
1.4743886847 2.36136476287 0.446982783677 0.930250187504
1.4755771761 2.36141004112 0.446899837148 0.930220800032
1.4767650567 2.36145357403 0.446815479955 0.930190801146
1.4779529372 2.36149675075 0.446731461798 0.930160573334
1.4791408177 2.36153954146 0.446647915486 0.930130474144
1.4803286983 2.36158078469 0.446563296305 0.930099609265
1.4815165788 2.3616248766 0.446481834715 0.93007094433
1.4827044594 2.36166648881 0.446399172466 0.930040713065
1.4838923399 2.36170829183 0.446316918528 0.930010921741
1.4850802204 2.36175006573 0.446235444424 0.929981543029
1.486268101 2.36179055967 0.446152729008 0.929951088163
1.4874559815 2.36183315497 0.446073476571 0.929923264242
1.488643862 2.36187265152 0.445991991479 0.929893322276
1.4898317426 2.3619143721 0.445912055555 0.929864573902
1.4910196231 2.3619538525 0.445831911204 0.929835024378
1.4922075037 2.36199404463 0.44575241285 0.929806189221
1.4933953842 2.36203375854 0.445673266296 0.929777417135
1.4945791479 2.36207899775 0.445596768118 0.929750748429
1.4957627401 2.362117474 0.445518681419 0.929722378558
1.4969463322 2.36215559505 0.445439803958 0.929693447655
1.4981299244 2.36219423537 0.445362959894 0.929665829298
1.4993135165 2.36223313791 0.445287152943 0.929638259341
